STATE | system=TFIM_3x3 | J=-1.00 | h=5.00 | nqubits=9 | seed=42
0.1218869802 0.0000000000
0.0759829301 0.0000000000
0.0759829301 0.0000000000
0.0580826879 0.0000000000
0.0759829301 0.0000000000
0.0580826879 0.0000000000
0.0580826879 0.0000000000
0.0549765004 0.0000000000
0.0759829301 0.0000000000
0.0580826879 0.0000000000
0.0484142135 0.0000000000
0.0456090644 0.0000000000
0.0484142135 0.0000000000
0.0456090644 0.0000000000
0.0379462501 0.0000000000
0.0443568254 0.0000000000
0.0759829301 0.0000000000
0.0484142135 0.0000000000
0.0580826879 0.0000000000
0.0456090644 0.0000000000
0.0484142135 0.0000000000
0.0379462501 0.0000000000
0.0456090644 0.0000000000
0.0443568254 0.0000000000
0.0580826879 0.0000000000
0.0456090644 0.0000000000
0.0456090644 0.0000000000
0.0443171019 0.0000000000
0.0379462501 0.0000000000
0.0368169924 0.0000000000
0.0368169924 0.0000000000
0.0443568254 0.0000000000
0.0759829301 0.0000000000
0.0484142135 0.0000000000
0.0484142135 0.0000000000
0.0379462501 0.0000000000
0.0580826879 0.0000000000
0.0456090644 0.0000000000
0.0456090644 0.0000000000
0.0443568254 0.0000000000
0.0580826879 0.0000000000
0.0456090644 0.0000000000
0.0379462501 0.0000000000
0.0368169924 0.0000000000
0.0456090644 0.0000000000
0.0443171019 0.0000000000
0.0368169924 0.0000000000
0.0443568254 0.0000000000
0.0580826879 0.0000000000
0.0379462501 0.0000000000
0.0456090644 0.0000000000
0.0368169924 0.0000000000
0.0456090644 0.0000000000
0.0368169924 0.0000000000
0.0443171019 0.0000000000
0.0443568254 0.0000000000
0.0549765004 0.0000000000
0.0443568254 0.0000000000
0.0443568254 0.0000000000
0.0443568254 0.0000000000
0.0443568254 0.0000000000
0.0443568254 0.0000000000
0.0443568254 0.0000000000
0.0549765004 0.0000000000
0.0759829301 0.0000000000
0.0580826879 0.0000000000
0.0484142135 0.0000000000
0.0456090644 0.0000000000
0.0484142135 0.0000000000
0.0456090644 0.0000000000
0.0379462501 0.0000000000
0.0443568254 0.0000000000
0.0580826879 0.0000000000
0.0549765004 0.0000000000
0.0379462501 0.0000000000
0.0443568254 0.0000000000
0.0379462501 0.0000000000
0.0443568254 0.0000000000
0.0305920735 0.0000000000
0.0443171019 0.0000000000
0.0484142135 0.0000000000
0.0379462501 0.0000000000
0.0379462501 0.0000000000
0.0368169924 0.0000000000
0.0315842271 0.0000000000
0.0305941363 0.0000000000
0.0305941363 0.0000000000
0.0368169924 0.0000000000
0.0456090644 0.0000000000
0.0443568254 0.0000000000
0.0368169924 0.0000000000
0.0443568254 0.0000000000
0.0305941363 0.0000000000
0.0368169924 0.0000000000
0.0305941363 0.0000000000
0.0456090644 0.0000000000
0.0484142135 0.0000000000
0.0379462501 0.0000000000
0.0315842271 0.0000000000
0.0305941363 0.0000000000
0.0379462501 0.0000000000
0.0368169924 0.0000000000
0.0305941363 0.0000000000
0.0368169924 0.0000000000
0.0456090644 0.0000000000
0.0443568254 0.0000000000
0.0305941363 0.0000000000
0.0368169924 0.0000000000
0.0368169924 0.0000000000
0.0443568254 0.0000000000
0.0305941363 0.0000000000
0.0456090644 0.0000000000
0.0379462501 0.0000000000
0.0305920735 0.0000000000
0.0305941363 0.0000000000
0.0305941363 0.0000000000
0.0305941363 0.0000000000
0.0305941363 0.0000000000
0.0305920735 0.0000000000
0.0379462501 0.0000000000
0.0443568254 0.0000000000
0.0443171019 0.0000000000
0.0368169924 0.0000000000
0.0456090644 0.0000000000
0.0368169924 0.0000000000
0.0456090644 0.0000000000
0.0379462501 0.0000000000
0.0580826879 0.0000000000
0.0759829301 0.0000000000
0.0484142135 0.0000000000
0.0580826879 0.0000000000
0.0456090644 0.0000000000
0.0484142135 0.0000000000
0.0379462501 0.0000000000
0.0456090644 0.0000000000
0.0443568254 0.0000000000
0.0484142135 0.0000000000
0.0379462501 0.0000000000
0.0379462501 0.0000000000
0.0368169924 0.0000000000
0.0315842271 0.0000000000
0.0305941363 0.0000000000
0.0305941363 0.0000000000
0.0368169924 0.0000000000
0.0580826879 0.0000000000
0.0379462501 0.0000000000
0.0549765004 0.0000000000
0.0443568254 0.0000000000
0.0379462501 0.0000000000
0.0305920735 0.0000000000
0.0443568254 0.0000000000
0.0443171019 0.0000000000
0.0456090644 0.0000000000
0.0368169924 0.0000000000
0.0443568254 0.0000000000
0.0443568254 0.0000000000
0.0305941363 0.0000000000
0.0305941363 0.0000000000
0.0368169924 0.0000000000
0.0456090644 0.0000000000
0.0484142135 0.0000000000
0.0315842271 0.0000000000
0.0379462501 0.0000000000
0.0305941363 0.0000000000
0.0379462501 0.0000000000
0.0305941363 0.0000000000
0.0368169924 0.0000000000
0.0368169924 0.0000000000
0.0379462501 0.0000000000
0.0305941363 0.0000000000
0.0305920735 0.0000000000
0.0305941363 0.0000000000
0.0305941363 0.0000000000
0.0305920735 0.0000000000
0.0305941363 0.0000000000
0.0379462501 0.0000000000
0.0456090644 0.0000000000
0.0305941363 0.0000000000
0.0443568254 0.0000000000
0.0368169924 0.0000000000
0.0368169924 0.0000000000
0.0305941363 0.0000000000
0.0443568254 0.0000000000
0.0456090644 0.0000000000
0.0443568254 0.0000000000
0.0368169924 0.0000000000
0.0443171019 0.0000000000
0.0456090644 0.0000000000
0.0368169924 0.0000000000
0.0379462501 0.0000000000
0.0456090644 0.0000000000
0.0580826879 0.0000000000
0.0580826879 0.0000000000
0.0456090644 0.0000000000
0.0456090644 0.0000000000
0.0443171019 0.0000000000
0.0379462501 0.0000000000
0.0368169924 0.0000000000
0.0368169924 0.0000000000
0.0443568254 0.0000000000
0.0456090644 0.0000000000
0.0443568254 0.0000000000
0.0368169924 0.0000000000
0.0443568254 0.0000000000
0.0305941363 0.0000000000
0.0368169924 0.0000000000
0.0305941363 0.0000000000
0.0456090644 0.0000000000
0.0456090644 0.0000000000
0.0368169924 0.0000000000
0.0443568254 0.0000000000
0.0443568254 0.0000000000
0.0305941363 0.0000000000
0.0305941363 0.0000000000
0.0368169924 0.0000000000
0.0456090644 0.0000000000
0.0443171019 0.0000000000
0.0443568254 0.0000000000
0.0443568254 0.0000000000
0.0549765004 0.0000000000
0.0305920735 0.0000000000
0.0379462501 0.0000000000
0.0379462501 0.0000000000
0.0580826879 0.0000000000
0.0379462501 0.0000000000
0.0305941363 0.0000000000
0.0305941363 0.0000000000
0.0305920735 0.0000000000
0.0305920735 0.0000000000
0.0305941363 0.0000000000
0.0305941363 0.0000000000
0.0379462501 0.0000000000
0.0368169924 0.0000000000
0.0368169924 0.0000000000
0.0305941363 0.0000000000
0.0379462501 0.0000000000
0.0305941363 0.0000000000
0.0379462501 0.0000000000
0.0315842271 0.0000000000
0.0484142135 0.0000000000
0.0368169924 0.0000000000
0.0305941363 0.0000000000
0.0368169924 0.0000000000
0.0379462501 0.0000000000
0.0305941363 0.0000000000
0.0315842271 0.0000000000
0.0379462501 0.0000000000
0.0484142135 0.0000000000
0.0443568254 0.0000000000
0.0456090644 0.0000000000
0.0456090644 0.0000000000
0.0580826879 0.0000000000
0.0379462501 0.0000000000
0.0484142135 0.0000000000
0.0484142135 0.0000000000
0.0759829301 0.0000000000
0.0759829301 0.0000000000
0.0484142135 0.0000000000
0.0484142135 0.0000000000
0.0379462501 0.0000000000
0.0580826879 0.0000000000
0.0456090644 0.0000000000
0.0456090644 0.0000000000
0.0443568254 0.0000000000
0.0484142135 0.0000000000
0.0379462501 0.0000000000
0.0315842271 0.0000000000
0.0305941363 0.0000000000
0.0379462501 0.0000000000
0.0368169924 0.0000000000
0.0305941363 0.0000000000
0.0368169924 0.0000000000
0.0484142135 0.0000000000
0.0315842271 0.0000000000
0.0379462501 0.0000000000
0.0305941363 0.0000000000
0.0379462501 0.0000000000
0.0305941363 0.0000000000
0.0368169924 0.0000000000
0.0368169924 0.0000000000
0.0379462501 0.0000000000
0.0305941363 0.0000000000
0.0305941363 0.0000000000
0.0305920735 0.0000000000
0.0305920735 0.0000000000
0.0305941363 0.0000000000
0.0305941363 0.0000000000
0.0379462501 0.0000000000
0.0580826879 0.0000000000
0.0379462501 0.0000000000
0.0379462501 0.0000000000
0.0305920735 0.0000000000
0.0549765004 0.0000000000
0.0443568254 0.0000000000
0.0443568254 0.0000000000
0.0443171019 0.0000000000
0.0456090644 0.0000000000
0.0368169924 0.0000000000
0.0305941363 0.0000000000
0.0305941363 0.0000000000
0.0443568254 0.0000000000
0.0443568254 0.0000000000
0.0368169924 0.0000000000
0.0456090644 0.0000000000
0.0456090644 0.0000000000
0.0305941363 0.0000000000
0.0368169924 0.0000000000
0.0305941363 0.0000000000
0.0443568254 0.0000000000
0.0368169924 0.0000000000
0.0443568254 0.0000000000
0.0456090644 0.0000000000
0.0443568254 0.0000000000
0.0368169924 0.0000000000
0.0368169924 0.0000000000
0.0379462501 0.0000000000
0.0443171019 0.0000000000
0.0456090644 0.0000000000
0.0456090644 0.0000000000
0.0580826879 0.0000000000
0.0580826879 0.0000000000
0.0456090644 0.0000000000
0.0379462501 0.0000000000
0.0368169924 0.0000000000
0.0456090644 0.0000000000
0.0443171019 0.0000000000
0.0368169924 0.0000000000
0.0443568254 0.0000000000
0.0456090644 0.0000000000
0.0443568254 0.0000000000
0.0305941363 0.0000000000
0.0368169924 0.0000000000
0.0368169924 0.0000000000
0.0443568254 0.0000000000
0.0305941363 0.0000000000
0.0456090644 0.0000000000
0.0379462501 0.0000000000
0.0305941363 0.0000000000
0.0305920735 0.0000000000
0.0305941363 0.0000000000
0.0305941363 0.0000000000
0.0305920735 0.0000000000
0.0305941363 0.0000000000
0.0379462501 0.0000000000
0.0368169924 0.0000000000
0.0368169924 0.0000000000
0.0305941363 0.0000000000
0.0379462501 0.0000000000
0.0305941363 0.0000000000
0.0379462501 0.0000000000
0.0315842271 0.0000000000
0.0484142135 0.0000000000
0.0456090644 0.0000000000
0.0368169924 0.0000000000
0.0305941363 0.0000000000
0.0305941363 0.0000000000
0.0443568254 0.0000000000
0.0443568254 0.0000000000
0.0368169924 0.0000000000
0.0456090644 0.0000000000
0.0443171019 0.0000000000
0.0443568254 0.0000000000
0.0305920735 0.0000000000
0.0379462501 0.0000000000
0.0443568254 0.0000000000
0.0549765004 0.0000000000
0.0379462501 0.0000000000
0.0580826879 0.0000000000
0.0368169924 0.0000000000
0.0305941363 0.0000000000
0.0305941363 0.0000000000
0.0315842271 0.0000000000
0.0368169924 0.0000000000
0.0379462501 0.0000000000
0.0379462501 0.0000000000
0.0484142135 0.0000000000
0.0443568254 0.0000000000
0.0456090644 0.0000000000
0.0379462501 0.0000000000
0.0484142135 0.0000000000
0.0456090644 0.0000000000
0.0580826879 0.0000000000
0.0484142135 0.0000000000
0.0759829301 0.0000000000
0.0580826879 0.0000000000
0.0379462501 0.0000000000
0.0456090644 0.0000000000
0.0368169924 0.0000000000
0.0456090644 0.0000000000
0.0368169924 0.0000000000
0.0443171019 0.0000000000
0.0443568254 0.0000000000
0.0379462501 0.0000000000
0.0305920735 0.0000000000
0.0305941363 0.0000000000
0.0305941363 0.0000000000
0.0305941363 0.0000000000
0.0305941363 0.0000000000
0.0305920735 0.0000000000
0.0379462501 0.0000000000
0.0456090644 0.0000000000
0.0305941363 0.0000000000
0.0443568254 0.0000000000
0.0368169924 0.0000000000
0.0368169924 0.0000000000
0.0305941363 0.0000000000
0.0443568254 0.0000000000
0.0456090644 0.0000000000
0.0368169924 0.0000000000
0.0305941363 0.0000000000
0.0368169924 0.0000000000
0.0379462501 0.0000000000
0.0305941363 0.0000000000
0.0315842271 0.0000000000
0.0379462501 0.0000000000
0.0484142135 0.0000000000
0.0456090644 0.0000000000
0.0305941363 0.0000000000
0.0368169924 0.0000000000
0.0305941363 0.0000000000
0.0443568254 0.0000000000
0.0368169924 0.0000000000
0.0443568254 0.0000000000
0.0456090644 0.0000000000
0.0368169924 0.0000000000
0.0305941363 0.0000000000
0.0305941363 0.0000000000
0.0315842271 0.0000000000
0.0368169924 0.0000000000
0.0379462501 0.0000000000
0.0379462501 0.0000000000
0.0484142135 0.0000000000
0.0443171019 0.0000000000
0.0305920735 0.0000000000
0.0443568254 0.0000000000
0.0379462501 0.0000000000
0.0443568254 0.0000000000
0.0379462501 0.0000000000
0.0549765004 0.0000000000
0.0580826879 0.0000000000
0.0443568254 0.0000000000
0.0379462501 0.0000000000
0.0456090644 0.0000000000
0.0484142135 0.0000000000
0.0456090644 0.0000000000
0.0484142135 0.0000000000
0.0580826879 0.0000000000
0.0759829301 0.0000000000
0.0549765004 0.0000000000
0.0443568254 0.0000000000
0.0443568254 0.0000000000
0.0443568254 0.0000000000
0.0443568254 0.0000000000
0.0443568254 0.0000000000
0.0443568254 0.0000000000
0.0549765004 0.0000000000
0.0443568254 0.0000000000
0.0443171019 0.0000000000
0.0368169924 0.0000000000
0.0456090644 0.0000000000
0.0368169924 0.0000000000
0.0456090644 0.0000000000
0.0379462501 0.0000000000
0.0580826879 0.0000000000
0.0443568254 0.0000000000
0.0368169924 0.0000000000
0.0443171019 0.0000000000
0.0456090644 0.0000000000
0.0368169924 0.0000000000
0.0379462501 0.0000000000
0.0456090644 0.0000000000
0.0580826879 0.0000000000
0.0443568254 0.0000000000
0.0456090644 0.0000000000
0.0456090644 0.0000000000
0.0580826879 0.0000000000
0.0379462501 0.0000000000
0.0484142135 0.0000000000
0.0484142135 0.0000000000
0.0759829301 0.0000000000
0.0443568254 0.0000000000
0.0368169924 0.0000000000
0.0368169924 0.0000000000
0.0379462501 0.0000000000
0.0443171019 0.0000000000
0.0456090644 0.0000000000
0.0456090644 0.0000000000
0.0580826879 0.0000000000
0.0443568254 0.0000000000
0.0456090644 0.0000000000
0.0379462501 0.0000000000
0.0484142135 0.0000000000
0.0456090644 0.0000000000
0.0580826879 0.0000000000
0.0484142135 0.0000000000
0.0759829301 0.0000000000
0.0443568254 0.0000000000
0.0379462501 0.0000000000
0.0456090644 0.0000000000
0.0484142135 0.0000000000
0.0456090644 0.0000000000
0.0484142135 0.0000000000
0.0580826879 0.0000000000
0.0759829301 0.0000000000
0.0549765004 0.0000000000
0.0580826879 0.0000000000
0.0580826879 0.0000000000
0.0759829301 0.0000000000
0.0580826879 0.0000000000
0.0759829301 0.0000000000
0.0759829301 0.0000000000
0.1218869802 0.0000000000
