STATE | system=TFIM_3x3 | J=-1.00 | h=3.60 | nqubits=9 | seed=42
-0.1938456283 0.0000000000
-0.0959890576 0.0000000000
-0.0959890576 0.0000000000
-0.0624327972 0.0000000000
-0.0959890576 0.0000000000
-0.0624327972 0.0000000000
-0.0624327972 0.0000000000
-0.0550352655 0.0000000000
-0.0959890576 0.0000000000
-0.0624327972 0.0000000000
-0.0493803839 0.0000000000
-0.0429507631 0.0000000000
-0.0493803839 0.0000000000
-0.0429507631 0.0000000000
-0.0337669113 0.0000000000
-0.0402375398 0.0000000000
-0.0959890576 0.0000000000
-0.0493803839 0.0000000000
-0.0624327972 0.0000000000
-0.0429507631 0.0000000000
-0.0493803839 0.0000000000
-0.0337669113 0.0000000000
-0.0429507631 0.0000000000
-0.0402375398 0.0000000000
-0.0624327972 0.0000000000
-0.0429507631 0.0000000000
-0.0429507631 0.0000000000
-0.0401472738 0.0000000000
-0.0337669113 0.0000000000
-0.0314159803 0.0000000000
-0.0314159803 0.0000000000
-0.0402375398 0.0000000000
-0.0959890576 0.0000000000
-0.0493803839 0.0000000000
-0.0493803839 0.0000000000
-0.0337669113 0.0000000000
-0.0624327972 0.0000000000
-0.0429507631 0.0000000000
-0.0429507631 0.0000000000
-0.0402375398 0.0000000000
-0.0624327972 0.0000000000
-0.0429507631 0.0000000000
-0.0337669113 0.0000000000
-0.0314159803 0.0000000000
-0.0429507631 0.0000000000
-0.0401472738 0.0000000000
-0.0314159803 0.0000000000
-0.0402375398 0.0000000000
-0.0624327972 0.0000000000
-0.0337669113 0.0000000000
-0.0429507631 0.0000000000
-0.0314159803 0.0000000000
-0.0429507631 0.0000000000
-0.0314159803 0.0000000000
-0.0401472738 0.0000000000
-0.0402375398 0.0000000000
-0.0550352655 0.0000000000
-0.0402375398 0.0000000000
-0.0402375398 0.0000000000
-0.0402375398 0.0000000000
-0.0402375398 0.0000000000
-0.0402375398 0.0000000000
-0.0402375398 0.0000000000
-0.0550352655 0.0000000000
-0.0959890576 0.0000000000
-0.0624327972 0.0000000000
-0.0493803839 0.0000000000
-0.0429507631 0.0000000000
-0.0493803839 0.0000000000
-0.0429507631 0.0000000000
-0.0337669113 0.0000000000
-0.0402375398 0.0000000000
-0.0624327972 0.0000000000
-0.0550352655 0.0000000000
-0.0337669113 0.0000000000
-0.0402375398 0.0000000000
-0.0337669113 0.0000000000
-0.0402375398 0.0000000000
-0.0246013394 0.0000000000
-0.0401472738 0.0000000000
-0.0493803839 0.0000000000
-0.0337669113 0.0000000000
-0.0337669113 0.0000000000
-0.0314159803 0.0000000000
-0.0265920214 0.0000000000
-0.0246083734 0.0000000000
-0.0246083734 0.0000000000
-0.0314159803 0.0000000000
-0.0429507631 0.0000000000
-0.0402375398 0.0000000000
-0.0314159803 0.0000000000
-0.0402375398 0.0000000000
-0.0246083734 0.0000000000
-0.0314159803 0.0000000000
-0.0246083734 0.0000000000
-0.0429507631 0.0000000000
-0.0493803839 0.0000000000
-0.0337669113 0.0000000000
-0.0265920214 0.0000000000
-0.0246083734 0.0000000000
-0.0337669113 0.0000000000
-0.0314159803 0.0000000000
-0.0246083734 0.0000000000
-0.0314159803 0.0000000000
-0.0429507631 0.0000000000
-0.0402375398 0.0000000000
-0.0246083734 0.0000000000
-0.0314159803 0.0000000000
-0.0314159803 0.0000000000
-0.0402375398 0.0000000000
-0.0246083734 0.0000000000
-0.0429507631 0.0000000000
-0.0337669113 0.0000000000
-0.0246013394 0.0000000000
-0.0246083734 0.0000000000
-0.0246083734 0.0000000000
-0.0246083734 0.0000000000
-0.0246083734 0.0000000000
-0.0246013394 0.0000000000
-0.0337669113 0.0000000000
-0.0402375398 0.0000000000
-0.0401472738 0.0000000000
-0.0314159803 0.0000000000
-0.0429507631 0.0000000000
-0.0314159803 0.0000000000
-0.0429507631 0.0000000000
-0.0337669113 0.0000000000
-0.0624327972 0.0000000000
-0.0959890576 0.0000000000
-0.0493803839 0.0000000000
-0.0624327972 0.0000000000
-0.0429507631 0.0000000000
-0.0493803839 0.0000000000
-0.0337669113 0.0000000000
-0.0429507631 0.0000000000
-0.0402375398 0.0000000000
-0.0493803839 0.0000000000
-0.0337669113 0.0000000000
-0.0337669113 0.0000000000
-0.0314159803 0.0000000000
-0.0265920214 0.0000000000
-0.0246083734 0.0000000000
-0.0246083734 0.0000000000
-0.0314159803 0.0000000000
-0.0624327972 0.0000000000
-0.0337669113 0.0000000000
-0.0550352655 0.0000000000
-0.0402375398 0.0000000000
-0.0337669113 0.0000000000
-0.0246013394 0.0000000000
-0.0402375398 0.0000000000
-0.0401472738 0.0000000000
-0.0429507631 0.0000000000
-0.0314159803 0.0000000000
-0.0402375398 0.0000000000
-0.0402375398 0.0000000000
-0.0246083734 0.0000000000
-0.0246083734 0.0000000000
-0.0314159803 0.0000000000
-0.0429507631 0.0000000000
-0.0493803839 0.0000000000
-0.0265920214 0.0000000000
-0.0337669113 0.0000000000
-0.0246083734 0.0000000000
-0.0337669113 0.0000000000
-0.0246083734 0.0000000000
-0.0314159803 0.0000000000
-0.0314159803 0.0000000000
-0.0337669113 0.0000000000
-0.0246083734 0.0000000000
-0.0246013394 0.0000000000
-0.0246083734 0.0000000000
-0.0246083734 0.0000000000
-0.0246013394 0.0000000000
-0.0246083734 0.0000000000
-0.0337669113 0.0000000000
-0.0429507631 0.0000000000
-0.0246083734 0.0000000000
-0.0402375398 0.0000000000
-0.0314159803 0.0000000000
-0.0314159803 0.0000000000
-0.0246083734 0.0000000000
-0.0402375398 0.0000000000
-0.0429507631 0.0000000000
-0.0402375398 0.0000000000
-0.0314159803 0.0000000000
-0.0401472738 0.0000000000
-0.0429507631 0.0000000000
-0.0314159803 0.0000000000
-0.0337669113 0.0000000000
-0.0429507631 0.0000000000
-0.0624327972 0.0000000000
-0.0624327972 0.0000000000
-0.0429507631 0.0000000000
-0.0429507631 0.0000000000
-0.0401472738 0.0000000000
-0.0337669113 0.0000000000
-0.0314159803 0.0000000000
-0.0314159803 0.0000000000
-0.0402375398 0.0000000000
-0.0429507631 0.0000000000
-0.0402375398 0.0000000000
-0.0314159803 0.0000000000
-0.0402375398 0.0000000000
-0.0246083734 0.0000000000
-0.0314159803 0.0000000000
-0.0246083734 0.0000000000
-0.0429507631 0.0000000000
-0.0429507631 0.0000000000
-0.0314159803 0.0000000000
-0.0402375398 0.0000000000
-0.0402375398 0.0000000000
-0.0246083734 0.0000000000
-0.0246083734 0.0000000000
-0.0314159803 0.0000000000
-0.0429507631 0.0000000000
-0.0401472738 0.0000000000
-0.0402375398 0.0000000000
-0.0402375398 0.0000000000
-0.0550352655 0.0000000000
-0.0246013394 0.0000000000
-0.0337669113 0.0000000000
-0.0337669113 0.0000000000
-0.0624327972 0.0000000000
-0.0337669113 0.0000000000
-0.0246083734 0.0000000000
-0.0246083734 0.0000000000
-0.0246013394 0.0000000000
-0.0246013394 0.0000000000
-0.0246083734 0.0000000000
-0.0246083734 0.0000000000
-0.0337669113 0.0000000000
-0.0314159803 0.0000000000
-0.0314159803 0.0000000000
-0.0246083734 0.0000000000
-0.0337669113 0.0000000000
-0.0246083734 0.0000000000
-0.0337669113 0.0000000000
-0.0265920214 0.0000000000
-0.0493803839 0.0000000000
-0.0314159803 0.0000000000
-0.0246083734 0.0000000000
-0.0314159803 0.0000000000
-0.0337669113 0.0000000000
-0.0246083734 0.0000000000
-0.0265920214 0.0000000000
-0.0337669113 0.0000000000
-0.0493803839 0.0000000000
-0.0402375398 0.0000000000
-0.0429507631 0.0000000000
-0.0429507631 0.0000000000
-0.0624327972 0.0000000000
-0.0337669113 0.0000000000
-0.0493803839 0.0000000000
-0.0493803839 0.0000000000
-0.0959890576 0.0000000000
-0.0959890576 0.0000000000
-0.0493803839 0.0000000000
-0.0493803839 0.0000000000
-0.0337669113 0.0000000000
-0.0624327972 0.0000000000
-0.0429507631 0.0000000000
-0.0429507631 0.0000000000
-0.0402375398 0.0000000000
-0.0493803839 0.0000000000
-0.0337669113 0.0000000000
-0.0265920214 0.0000000000
-0.0246083734 0.0000000000
-0.0337669113 0.0000000000
-0.0314159803 0.0000000000
-0.0246083734 0.0000000000
-0.0314159803 0.0000000000
-0.0493803839 0.0000000000
-0.0265920214 0.0000000000
-0.0337669113 0.0000000000
-0.0246083734 0.0000000000
-0.0337669113 0.0000000000
-0.0246083734 0.0000000000
-0.0314159803 0.0000000000
-0.0314159803 0.0000000000
-0.0337669113 0.0000000000
-0.0246083734 0.0000000000
-0.0246083734 0.0000000000
-0.0246013394 0.0000000000
-0.0246013394 0.0000000000
-0.0246083734 0.0000000000
-0.0246083734 0.0000000000
-0.0337669113 0.0000000000
-0.0624327972 0.0000000000
-0.0337669113 0.0000000000
-0.0337669113 0.0000000000
-0.0246013394 0.0000000000
-0.0550352655 0.0000000000
-0.0402375398 0.0000000000
-0.0402375398 0.0000000000
-0.0401472738 0.0000000000
-0.0429507631 0.0000000000
-0.0314159803 0.0000000000
-0.0246083734 0.0000000000
-0.0246083734 0.0000000000
-0.0402375398 0.0000000000
-0.0402375398 0.0000000000
-0.0314159803 0.0000000000
-0.0429507631 0.0000000000
-0.0429507631 0.0000000000
-0.0246083734 0.0000000000
-0.0314159803 0.0000000000
-0.0246083734 0.0000000000
-0.0402375398 0.0000000000
-0.0314159803 0.0000000000
-0.0402375398 0.0000000000
-0.0429507631 0.0000000000
-0.0402375398 0.0000000000
-0.0314159803 0.0000000000
-0.0314159803 0.0000000000
-0.0337669113 0.0000000000
-0.0401472738 0.0000000000
-0.0429507631 0.0000000000
-0.0429507631 0.0000000000
-0.0624327972 0.0000000000
-0.0624327972 0.0000000000
-0.0429507631 0.0000000000
-0.0337669113 0.0000000000
-0.0314159803 0.0000000000
-0.0429507631 0.0000000000
-0.0401472738 0.0000000000
-0.0314159803 0.0000000000
-0.0402375398 0.0000000000
-0.0429507631 0.0000000000
-0.0402375398 0.0000000000
-0.0246083734 0.0000000000
-0.0314159803 0.0000000000
-0.0314159803 0.0000000000
-0.0402375398 0.0000000000
-0.0246083734 0.0000000000
-0.0429507631 0.0000000000
-0.0337669113 0.0000000000
-0.0246083734 0.0000000000
-0.0246013394 0.0000000000
-0.0246083734 0.0000000000
-0.0246083734 0.0000000000
-0.0246013394 0.0000000000
-0.0246083734 0.0000000000
-0.0337669113 0.0000000000
-0.0314159803 0.0000000000
-0.0314159803 0.0000000000
-0.0246083734 0.0000000000
-0.0337669113 0.0000000000
-0.0246083734 0.0000000000
-0.0337669113 0.0000000000
-0.0265920214 0.0000000000
-0.0493803839 0.0000000000
-0.0429507631 0.0000000000
-0.0314159803 0.0000000000
-0.0246083734 0.0000000000
-0.0246083734 0.0000000000
-0.0402375398 0.0000000000
-0.0402375398 0.0000000000
-0.0314159803 0.0000000000
-0.0429507631 0.0000000000
-0.0401472738 0.0000000000
-0.0402375398 0.0000000000
-0.0246013394 0.0000000000
-0.0337669113 0.0000000000
-0.0402375398 0.0000000000
-0.0550352655 0.0000000000
-0.0337669113 0.0000000000
-0.0624327972 0.0000000000
-0.0314159803 0.0000000000
-0.0246083734 0.0000000000
-0.0246083734 0.0000000000
-0.0265920214 0.0000000000
-0.0314159803 0.0000000000
-0.0337669113 0.0000000000
-0.0337669113 0.0000000000
-0.0493803839 0.0000000000
-0.0402375398 0.0000000000
-0.0429507631 0.0000000000
-0.0337669113 0.0000000000
-0.0493803839 0.0000000000
-0.0429507631 0.0000000000
-0.0624327972 0.0000000000
-0.0493803839 0.0000000000
-0.0959890576 0.0000000000
-0.0624327972 0.0000000000
-0.0337669113 0.0000000000
-0.0429507631 0.0000000000
-0.0314159803 0.0000000000
-0.0429507631 0.0000000000
-0.0314159803 0.0000000000
-0.0401472738 0.0000000000
-0.0402375398 0.0000000000
-0.0337669113 0.0000000000
-0.0246013394 0.0000000000
-0.0246083734 0.0000000000
-0.0246083734 0.0000000000
-0.0246083734 0.0000000000
-0.0246083734 0.0000000000
-0.0246013394 0.0000000000
-0.0337669113 0.0000000000
-0.0429507631 0.0000000000
-0.0246083734 0.0000000000
-0.0402375398 0.0000000000
-0.0314159803 0.0000000000
-0.0314159803 0.0000000000
-0.0246083734 0.0000000000
-0.0402375398 0.0000000000
-0.0429507631 0.0000000000
-0.0314159803 0.0000000000
-0.0246083734 0.0000000000
-0.0314159803 0.0000000000
-0.0337669113 0.0000000000
-0.0246083734 0.0000000000
-0.0265920214 0.0000000000
-0.0337669113 0.0000000000
-0.0493803839 0.0000000000
-0.0429507631 0.0000000000
-0.0246083734 0.0000000000
-0.0314159803 0.0000000000
-0.0246083734 0.0000000000
-0.0402375398 0.0000000000
-0.0314159803 0.0000000000
-0.0402375398 0.0000000000
-0.0429507631 0.0000000000
-0.0314159803 0.0000000000
-0.0246083734 0.0000000000
-0.0246083734 0.0000000000
-0.0265920214 0.0000000000
-0.0314159803 0.0000000000
-0.0337669113 0.0000000000
-0.0337669113 0.0000000000
-0.0493803839 0.0000000000
-0.0401472738 0.0000000000
-0.0246013394 0.0000000000
-0.0402375398 0.0000000000
-0.0337669113 0.0000000000
-0.0402375398 0.0000000000
-0.0337669113 0.0000000000
-0.0550352655 0.0000000000
-0.0624327972 0.0000000000
-0.0402375398 0.0000000000
-0.0337669113 0.0000000000
-0.0429507631 0.0000000000
-0.0493803839 0.0000000000
-0.0429507631 0.0000000000
-0.0493803839 0.0000000000
-0.0624327972 0.0000000000
-0.0959890576 0.0000000000
-0.0550352655 0.0000000000
-0.0402375398 0.0000000000
-0.0402375398 0.0000000000
-0.0402375398 0.0000000000
-0.0402375398 0.0000000000
-0.0402375398 0.0000000000
-0.0402375398 0.0000000000
-0.0550352655 0.0000000000
-0.0402375398 0.0000000000
-0.0401472738 0.0000000000
-0.0314159803 0.0000000000
-0.0429507631 0.0000000000
-0.0314159803 0.0000000000
-0.0429507631 0.0000000000
-0.0337669113 0.0000000000
-0.0624327972 0.0000000000
-0.0402375398 0.0000000000
-0.0314159803 0.0000000000
-0.0401472738 0.0000000000
-0.0429507631 0.0000000000
-0.0314159803 0.0000000000
-0.0337669113 0.0000000000
-0.0429507631 0.0000000000
-0.0624327972 0.0000000000
-0.0402375398 0.0000000000
-0.0429507631 0.0000000000
-0.0429507631 0.0000000000
-0.0624327972 0.0000000000
-0.0337669113 0.0000000000
-0.0493803839 0.0000000000
-0.0493803839 0.0000000000
-0.0959890576 0.0000000000
-0.0402375398 0.0000000000
-0.0314159803 0.0000000000
-0.0314159803 0.0000000000
-0.0337669113 0.0000000000
-0.0401472738 0.0000000000
-0.0429507631 0.0000000000
-0.0429507631 0.0000000000
-0.0624327972 0.0000000000
-0.0402375398 0.0000000000
-0.0429507631 0.0000000000
-0.0337669113 0.0000000000
-0.0493803839 0.0000000000
-0.0429507631 0.0000000000
-0.0624327972 0.0000000000
-0.0493803839 0.0000000000
-0.0959890576 0.0000000000
-0.0402375398 0.0000000000
-0.0337669113 0.0000000000
-0.0429507631 0.0000000000
-0.0493803839 0.0000000000
-0.0429507631 0.0000000000
-0.0493803839 0.0000000000
-0.0624327972 0.0000000000
-0.0959890576 0.0000000000
-0.0550352655 0.0000000000
-0.0624327972 0.0000000000
-0.0624327972 0.0000000000
-0.0959890576 0.0000000000
-0.0624327972 0.0000000000
-0.0959890576 0.0000000000
-0.0959890576 0.0000000000
-0.1938456283 0.0000000000
