STATE | system=TFIM_3x3 | J=-1.00 | h=3.30 | nqubits=9 | seed=42
0.2259085676 0.0000000000
0.1033151476 0.0000000000
0.1033151476 0.0000000000
0.0631531941 0.0000000000
0.1033151476 0.0000000000
0.0631531941 0.0000000000
0.0631531941 0.0000000000
0.0538387544 0.0000000000
0.1033151476 0.0000000000
0.0631531941 0.0000000000
0.0492958104 0.0000000000
0.0412941308 0.0000000000
0.0492958104 0.0000000000
0.0412941308 0.0000000000
0.0319700099 0.0000000000
0.0379862041 0.0000000000
0.1033151476 0.0000000000
0.0492958104 0.0000000000
0.0631531941 0.0000000000
0.0412941308 0.0000000000
0.0492958104 0.0000000000
0.0319700099 0.0000000000
0.0412941308 0.0000000000
0.0379862041 0.0000000000
0.0631531941 0.0000000000
0.0412941308 0.0000000000
0.0412941308 0.0000000000
0.0378784792 0.0000000000
0.0319700099 0.0000000000
0.0291391385 0.0000000000
0.0291391385 0.0000000000
0.0379862041 0.0000000000
0.1033151476 0.0000000000
0.0492958104 0.0000000000
0.0492958104 0.0000000000
0.0319700099 0.0000000000
0.0631531941 0.0000000000
0.0412941308 0.0000000000
0.0412941308 0.0000000000
0.0379862041 0.0000000000
0.0631531941 0.0000000000
0.0412941308 0.0000000000
0.0319700099 0.0000000000
0.0291391385 0.0000000000
0.0412941308 0.0000000000
0.0378784792 0.0000000000
0.0291391385 0.0000000000
0.0379862041 0.0000000000
0.0631531941 0.0000000000
0.0319700099 0.0000000000
0.0412941308 0.0000000000
0.0291391385 0.0000000000
0.0412941308 0.0000000000
0.0291391385 0.0000000000
0.0378784792 0.0000000000
0.0379862041 0.0000000000
0.0538387544 0.0000000000
0.0379862041 0.0000000000
0.0379862041 0.0000000000
0.0379862041 0.0000000000
0.0379862041 0.0000000000
0.0379862041 0.0000000000
0.0379862041 0.0000000000
0.0538387544 0.0000000000
0.1033151476 0.0000000000
0.0631531941 0.0000000000
0.0492958104 0.0000000000
0.0412941308 0.0000000000
0.0492958104 0.0000000000
0.0412941308 0.0000000000
0.0319700099 0.0000000000
0.0379862041 0.0000000000
0.0631531941 0.0000000000
0.0538387544 0.0000000000
0.0319700099 0.0000000000
0.0379862041 0.0000000000
0.0319700099 0.0000000000
0.0379862041 0.0000000000
0.0224391535 0.0000000000
0.0378784792 0.0000000000
0.0492958104 0.0000000000
0.0319700099 0.0000000000
0.0319700099 0.0000000000
0.0291391385 0.0000000000
0.0248122213 0.0000000000
0.0224486374 0.0000000000
0.0224486374 0.0000000000
0.0291391385 0.0000000000
0.0412941308 0.0000000000
0.0379862041 0.0000000000
0.0291391385 0.0000000000
0.0379862041 0.0000000000
0.0224486374 0.0000000000
0.0291391385 0.0000000000
0.0224486374 0.0000000000
0.0412941308 0.0000000000
0.0492958104 0.0000000000
0.0319700099 0.0000000000
0.0248122213 0.0000000000
0.0224486374 0.0000000000
0.0319700099 0.0000000000
0.0291391385 0.0000000000
0.0224486374 0.0000000000
0.0291391385 0.0000000000
0.0412941308 0.0000000000
0.0379862041 0.0000000000
0.0224486374 0.0000000000
0.0291391385 0.0000000000
0.0291391385 0.0000000000
0.0379862041 0.0000000000
0.0224486374 0.0000000000
0.0412941308 0.0000000000
0.0319700099 0.0000000000
0.0224391535 0.0000000000
0.0224486374 0.0000000000
0.0224486374 0.0000000000
0.0224486374 0.0000000000
0.0224486374 0.0000000000
0.0224391535 0.0000000000
0.0319700099 0.0000000000
0.0379862041 0.0000000000
0.0378784792 0.0000000000
0.0291391385 0.0000000000
0.0412941308 0.0000000000
0.0291391385 0.0000000000
0.0412941308 0.0000000000
0.0319700099 0.0000000000
0.0631531941 0.0000000000
0.1033151476 0.0000000000
0.0492958104 0.0000000000
0.0631531941 0.0000000000
0.0412941308 0.0000000000
0.0492958104 0.0000000000
0.0319700099 0.0000000000
0.0412941308 0.0000000000
0.0379862041 0.0000000000
0.0492958104 0.0000000000
0.0319700099 0.0000000000
0.0319700099 0.0000000000
0.0291391385 0.0000000000
0.0248122213 0.0000000000
0.0224486374 0.0000000000
0.0224486374 0.0000000000
0.0291391385 0.0000000000
0.0631531941 0.0000000000
0.0319700099 0.0000000000
0.0538387544 0.0000000000
0.0379862041 0.0000000000
0.0319700099 0.0000000000
0.0224391535 0.0000000000
0.0379862041 0.0000000000
0.0378784792 0.0000000000
0.0412941308 0.0000000000
0.0291391385 0.0000000000
0.0379862041 0.0000000000
0.0379862041 0.0000000000
0.0224486374 0.0000000000
0.0224486374 0.0000000000
0.0291391385 0.0000000000
0.0412941308 0.0000000000
0.0492958104 0.0000000000
0.0248122213 0.0000000000
0.0319700099 0.0000000000
0.0224486374 0.0000000000
0.0319700099 0.0000000000
0.0224486374 0.0000000000
0.0291391385 0.0000000000
0.0291391385 0.0000000000
0.0319700099 0.0000000000
0.0224486374 0.0000000000
0.0224391535 0.0000000000
0.0224486374 0.0000000000
0.0224486374 0.0000000000
0.0224391535 0.0000000000
0.0224486374 0.0000000000
0.0319700099 0.0000000000
0.0412941308 0.0000000000
0.0224486374 0.0000000000
0.0379862041 0.0000000000
0.0291391385 0.0000000000
0.0291391385 0.0000000000
0.0224486374 0.0000000000
0.0379862041 0.0000000000
0.0412941308 0.0000000000
0.0379862041 0.0000000000
0.0291391385 0.0000000000
0.0378784792 0.0000000000
0.0412941308 0.0000000000
0.0291391385 0.0000000000
0.0319700099 0.0000000000
0.0412941308 0.0000000000
0.0631531941 0.0000000000
0.0631531941 0.0000000000
0.0412941308 0.0000000000
0.0412941308 0.0000000000
0.0378784792 0.0000000000
0.0319700099 0.0000000000
0.0291391385 0.0000000000
0.0291391385 0.0000000000
0.0379862041 0.0000000000
0.0412941308 0.0000000000
0.0379862041 0.0000000000
0.0291391385 0.0000000000
0.0379862041 0.0000000000
0.0224486374 0.0000000000
0.0291391385 0.0000000000
0.0224486374 0.0000000000
0.0412941308 0.0000000000
0.0412941308 0.0000000000
0.0291391385 0.0000000000
0.0379862041 0.0000000000
0.0379862041 0.0000000000
0.0224486374 0.0000000000
0.0224486374 0.0000000000
0.0291391385 0.0000000000
0.0412941308 0.0000000000
0.0378784792 0.0000000000
0.0379862041 0.0000000000
0.0379862041 0.0000000000
0.0538387544 0.0000000000
0.0224391535 0.0000000000
0.0319700099 0.0000000000
0.0319700099 0.0000000000
0.0631531941 0.0000000000
0.0319700099 0.0000000000
0.0224486374 0.0000000000
0.0224486374 0.0000000000
0.0224391535 0.0000000000
0.0224391535 0.0000000000
0.0224486374 0.0000000000
0.0224486374 0.0000000000
0.0319700099 0.0000000000
0.0291391385 0.0000000000
0.0291391385 0.0000000000
0.0224486374 0.0000000000
0.0319700099 0.0000000000
0.0224486374 0.0000000000
0.0319700099 0.0000000000
0.0248122213 0.0000000000
0.0492958104 0.0000000000
0.0291391385 0.0000000000
0.0224486374 0.0000000000
0.0291391385 0.0000000000
0.0319700099 0.0000000000
0.0224486374 0.0000000000
0.0248122213 0.0000000000
0.0319700099 0.0000000000
0.0492958104 0.0000000000
0.0379862041 0.0000000000
0.0412941308 0.0000000000
0.0412941308 0.0000000000
0.0631531941 0.0000000000
0.0319700099 0.0000000000
0.0492958104 0.0000000000
0.0492958104 0.0000000000
0.1033151476 0.0000000000
0.1033151476 0.0000000000
0.0492958104 0.0000000000
0.0492958104 0.0000000000
0.0319700099 0.0000000000
0.0631531941 0.0000000000
0.0412941308 0.0000000000
0.0412941308 0.0000000000
0.0379862041 0.0000000000
0.0492958104 0.0000000000
0.0319700099 0.0000000000
0.0248122213 0.0000000000
0.0224486374 0.0000000000
0.0319700099 0.0000000000
0.0291391385 0.0000000000
0.0224486374 0.0000000000
0.0291391385 0.0000000000
0.0492958104 0.0000000000
0.0248122213 0.0000000000
0.0319700099 0.0000000000
0.0224486374 0.0000000000
0.0319700099 0.0000000000
0.0224486374 0.0000000000
0.0291391385 0.0000000000
0.0291391385 0.0000000000
0.0319700099 0.0000000000
0.0224486374 0.0000000000
0.0224486374 0.0000000000
0.0224391535 0.0000000000
0.0224391535 0.0000000000
0.0224486374 0.0000000000
0.0224486374 0.0000000000
0.0319700099 0.0000000000
0.0631531941 0.0000000000
0.0319700099 0.0000000000
0.0319700099 0.0000000000
0.0224391535 0.0000000000
0.0538387544 0.0000000000
0.0379862041 0.0000000000
0.0379862041 0.0000000000
0.0378784792 0.0000000000
0.0412941308 0.0000000000
0.0291391385 0.0000000000
0.0224486374 0.0000000000
0.0224486374 0.0000000000
0.0379862041 0.0000000000
0.0379862041 0.0000000000
0.0291391385 0.0000000000
0.0412941308 0.0000000000
0.0412941308 0.0000000000
0.0224486374 0.0000000000
0.0291391385 0.0000000000
0.0224486374 0.0000000000
0.0379862041 0.0000000000
0.0291391385 0.0000000000
0.0379862041 0.0000000000
0.0412941308 0.0000000000
0.0379862041 0.0000000000
0.0291391385 0.0000000000
0.0291391385 0.0000000000
0.0319700099 0.0000000000
0.0378784792 0.0000000000
0.0412941308 0.0000000000
0.0412941308 0.0000000000
0.0631531941 0.0000000000
0.0631531941 0.0000000000
0.0412941308 0.0000000000
0.0319700099 0.0000000000
0.0291391385 0.0000000000
0.0412941308 0.0000000000
0.0378784792 0.0000000000
0.0291391385 0.0000000000
0.0379862041 0.0000000000
0.0412941308 0.0000000000
0.0379862041 0.0000000000
0.0224486374 0.0000000000
0.0291391385 0.0000000000
0.0291391385 0.0000000000
0.0379862041 0.0000000000
0.0224486374 0.0000000000
0.0412941308 0.0000000000
0.0319700099 0.0000000000
0.0224486374 0.0000000000
0.0224391535 0.0000000000
0.0224486374 0.0000000000
0.0224486374 0.0000000000
0.0224391535 0.0000000000
0.0224486374 0.0000000000
0.0319700099 0.0000000000
0.0291391385 0.0000000000
0.0291391385 0.0000000000
0.0224486374 0.0000000000
0.0319700099 0.0000000000
0.0224486374 0.0000000000
0.0319700099 0.0000000000
0.0248122213 0.0000000000
0.0492958104 0.0000000000
0.0412941308 0.0000000000
0.0291391385 0.0000000000
0.0224486374 0.0000000000
0.0224486374 0.0000000000
0.0379862041 0.0000000000
0.0379862041 0.0000000000
0.0291391385 0.0000000000
0.0412941308 0.0000000000
0.0378784792 0.0000000000
0.0379862041 0.0000000000
0.0224391535 0.0000000000
0.0319700099 0.0000000000
0.0379862041 0.0000000000
0.0538387544 0.0000000000
0.0319700099 0.0000000000
0.0631531941 0.0000000000
0.0291391385 0.0000000000
0.0224486374 0.0000000000
0.0224486374 0.0000000000
0.0248122213 0.0000000000
0.0291391385 0.0000000000
0.0319700099 0.0000000000
0.0319700099 0.0000000000
0.0492958104 0.0000000000
0.0379862041 0.0000000000
0.0412941308 0.0000000000
0.0319700099 0.0000000000
0.0492958104 0.0000000000
0.0412941308 0.0000000000
0.0631531941 0.0000000000
0.0492958104 0.0000000000
0.1033151476 0.0000000000
0.0631531941 0.0000000000
0.0319700099 0.0000000000
0.0412941308 0.0000000000
0.0291391385 0.0000000000
0.0412941308 0.0000000000
0.0291391385 0.0000000000
0.0378784792 0.0000000000
0.0379862041 0.0000000000
0.0319700099 0.0000000000
0.0224391535 0.0000000000
0.0224486374 0.0000000000
0.0224486374 0.0000000000
0.0224486374 0.0000000000
0.0224486374 0.0000000000
0.0224391535 0.0000000000
0.0319700099 0.0000000000
0.0412941308 0.0000000000
0.0224486374 0.0000000000
0.0379862041 0.0000000000
0.0291391385 0.0000000000
0.0291391385 0.0000000000
0.0224486374 0.0000000000
0.0379862041 0.0000000000
0.0412941308 0.0000000000
0.0291391385 0.0000000000
0.0224486374 0.0000000000
0.0291391385 0.0000000000
0.0319700099 0.0000000000
0.0224486374 0.0000000000
0.0248122213 0.0000000000
0.0319700099 0.0000000000
0.0492958104 0.0000000000
0.0412941308 0.0000000000
0.0224486374 0.0000000000
0.0291391385 0.0000000000
0.0224486374 0.0000000000
0.0379862041 0.0000000000
0.0291391385 0.0000000000
0.0379862041 0.0000000000
0.0412941308 0.0000000000
0.0291391385 0.0000000000
0.0224486374 0.0000000000
0.0224486374 0.0000000000
0.0248122213 0.0000000000
0.0291391385 0.0000000000
0.0319700099 0.0000000000
0.0319700099 0.0000000000
0.0492958104 0.0000000000
0.0378784792 0.0000000000
0.0224391535 0.0000000000
0.0379862041 0.0000000000
0.0319700099 0.0000000000
0.0379862041 0.0000000000
0.0319700099 0.0000000000
0.0538387544 0.0000000000
0.0631531941 0.0000000000
0.0379862041 0.0000000000
0.0319700099 0.0000000000
0.0412941308 0.0000000000
0.0492958104 0.0000000000
0.0412941308 0.0000000000
0.0492958104 0.0000000000
0.0631531941 0.0000000000
0.1033151476 0.0000000000
0.0538387544 0.0000000000
0.0379862041 0.0000000000
0.0379862041 0.0000000000
0.0379862041 0.0000000000
0.0379862041 0.0000000000
0.0379862041 0.0000000000
0.0379862041 0.0000000000
0.0538387544 0.0000000000
0.0379862041 0.0000000000
0.0378784792 0.0000000000
0.0291391385 0.0000000000
0.0412941308 0.0000000000
0.0291391385 0.0000000000
0.0412941308 0.0000000000
0.0319700099 0.0000000000
0.0631531941 0.0000000000
0.0379862041 0.0000000000
0.0291391385 0.0000000000
0.0378784792 0.0000000000
0.0412941308 0.0000000000
0.0291391385 0.0000000000
0.0319700099 0.0000000000
0.0412941308 0.0000000000
0.0631531941 0.0000000000
0.0379862041 0.0000000000
0.0412941308 0.0000000000
0.0412941308 0.0000000000
0.0631531941 0.0000000000
0.0319700099 0.0000000000
0.0492958104 0.0000000000
0.0492958104 0.0000000000
0.1033151476 0.0000000000
0.0379862041 0.0000000000
0.0291391385 0.0000000000
0.0291391385 0.0000000000
0.0319700099 0.0000000000
0.0378784792 0.0000000000
0.0412941308 0.0000000000
0.0412941308 0.0000000000
0.0631531941 0.0000000000
0.0379862041 0.0000000000
0.0412941308 0.0000000000
0.0319700099 0.0000000000
0.0492958104 0.0000000000
0.0412941308 0.0000000000
0.0631531941 0.0000000000
0.0492958104 0.0000000000
0.1033151476 0.0000000000
0.0379862041 0.0000000000
0.0319700099 0.0000000000
0.0412941308 0.0000000000
0.0492958104 0.0000000000
0.0412941308 0.0000000000
0.0492958104 0.0000000000
0.0631531941 0.0000000000
0.1033151476 0.0000000000
0.0538387544 0.0000000000
0.0631531941 0.0000000000
0.0631531941 0.0000000000
0.1033151476 0.0000000000
0.0631531941 0.0000000000
0.1033151476 0.0000000000
0.1033151476 0.0000000000
0.2259085676 0.0000000000
