STATE | system=TFIM_3x3 | J=-1.00 | h=7.00 | nqubits=9 | seed=42
0.0888026271 0.0000000000
0.0644278506 0.0000000000
0.0644278506 0.0000000000
0.0541085623 0.0000000000
0.0644278506 0.0000000000
0.0541085623 0.0000000000
0.0541085623 0.0000000000
0.0527633221 0.0000000000
0.0644278506 0.0000000000
0.0541085623 0.0000000000
0.0472716723 0.0000000000
0.0460208314 0.0000000000
0.0472716723 0.0000000000
0.0460208314 0.0000000000
0.0401827574 0.0000000000
0.0454420157 0.0000000000
0.0644278506 0.0000000000
0.0472716723 0.0000000000
0.0541085623 0.0000000000
0.0460208314 0.0000000000
0.0472716723 0.0000000000
0.0401827574 0.0000000000
0.0460208314 0.0000000000
0.0454420157 0.0000000000
0.0541085623 0.0000000000
0.0460208314 0.0000000000
0.0460208314 0.0000000000
0.0454265919 0.0000000000
0.0401827574 0.0000000000
0.0396449270 0.0000000000
0.0396449270 0.0000000000
0.0454420157 0.0000000000
0.0644278506 0.0000000000
0.0472716723 0.0000000000
0.0472716723 0.0000000000
0.0401827574 0.0000000000
0.0541085623 0.0000000000
0.0460208314 0.0000000000
0.0460208314 0.0000000000
0.0454420157 0.0000000000
0.0541085623 0.0000000000
0.0460208314 0.0000000000
0.0401827574 0.0000000000
0.0396449270 0.0000000000
0.0460208314 0.0000000000
0.0454265919 0.0000000000
0.0396449270 0.0000000000
0.0454420157 0.0000000000
0.0541085623 0.0000000000
0.0401827574 0.0000000000
0.0460208314 0.0000000000
0.0396449270 0.0000000000
0.0460208314 0.0000000000
0.0396449270 0.0000000000
0.0454265919 0.0000000000
0.0454420157 0.0000000000
0.0527633221 0.0000000000
0.0454420157 0.0000000000
0.0454420157 0.0000000000
0.0454420157 0.0000000000
0.0454420157 0.0000000000
0.0454420157 0.0000000000
0.0454420157 0.0000000000
0.0527633221 0.0000000000
0.0644278506 0.0000000000
0.0541085623 0.0000000000
0.0472716723 0.0000000000
0.0460208314 0.0000000000
0.0472716723 0.0000000000
0.0460208314 0.0000000000
0.0401827574 0.0000000000
0.0454420157 0.0000000000
0.0541085623 0.0000000000
0.0527633221 0.0000000000
0.0401827574 0.0000000000
0.0454420157 0.0000000000
0.0401827574 0.0000000000
0.0454420157 0.0000000000
0.0346008652 0.0000000000
0.0454265919 0.0000000000
0.0472716723 0.0000000000
0.0401827574 0.0000000000
0.0401827574 0.0000000000
0.0396449270 0.0000000000
0.0350889276 0.0000000000
0.0346014205 0.0000000000
0.0346014205 0.0000000000
0.0396449270 0.0000000000
0.0460208314 0.0000000000
0.0454420157 0.0000000000
0.0396449270 0.0000000000
0.0454420157 0.0000000000
0.0346014205 0.0000000000
0.0396449270 0.0000000000
0.0346014205 0.0000000000
0.0460208314 0.0000000000
0.0472716723 0.0000000000
0.0401827574 0.0000000000
0.0350889276 0.0000000000
0.0346014205 0.0000000000
0.0401827574 0.0000000000
0.0396449270 0.0000000000
0.0346014205 0.0000000000
0.0396449270 0.0000000000
0.0460208314 0.0000000000
0.0454420157 0.0000000000
0.0346014205 0.0000000000
0.0396449270 0.0000000000
0.0396449270 0.0000000000
0.0454420157 0.0000000000
0.0346014205 0.0000000000
0.0460208314 0.0000000000
0.0401827574 0.0000000000
0.0346008652 0.0000000000
0.0346014205 0.0000000000
0.0346014205 0.0000000000
0.0346014205 0.0000000000
0.0346014205 0.0000000000
0.0346008652 0.0000000000
0.0401827574 0.0000000000
0.0454420157 0.0000000000
0.0454265919 0.0000000000
0.0396449270 0.0000000000
0.0460208314 0.0000000000
0.0396449270 0.0000000000
0.0460208314 0.0000000000
0.0401827574 0.0000000000
0.0541085623 0.0000000000
0.0644278506 0.0000000000
0.0472716723 0.0000000000
0.0541085623 0.0000000000
0.0460208314 0.0000000000
0.0472716723 0.0000000000
0.0401827574 0.0000000000
0.0460208314 0.0000000000
0.0454420157 0.0000000000
0.0472716723 0.0000000000
0.0401827574 0.0000000000
0.0401827574 0.0000000000
0.0396449270 0.0000000000
0.0350889276 0.0000000000
0.0346014205 0.0000000000
0.0346014205 0.0000000000
0.0396449270 0.0000000000
0.0541085623 0.0000000000
0.0401827574 0.0000000000
0.0527633221 0.0000000000
0.0454420157 0.0000000000
0.0401827574 0.0000000000
0.0346008652 0.0000000000
0.0454420157 0.0000000000
0.0454265919 0.0000000000
0.0460208314 0.0000000000
0.0396449270 0.0000000000
0.0454420157 0.0000000000
0.0454420157 0.0000000000
0.0346014205 0.0000000000
0.0346014205 0.0000000000
0.0396449270 0.0000000000
0.0460208314 0.0000000000
0.0472716723 0.0000000000
0.0350889276 0.0000000000
0.0401827574 0.0000000000
0.0346014205 0.0000000000
0.0401827574 0.0000000000
0.0346014205 0.0000000000
0.0396449270 0.0000000000
0.0396449270 0.0000000000
0.0401827574 0.0000000000
0.0346014205 0.0000000000
0.0346008652 0.0000000000
0.0346014205 0.0000000000
0.0346014205 0.0000000000
0.0346008652 0.0000000000
0.0346014205 0.0000000000
0.0401827574 0.0000000000
0.0460208314 0.0000000000
0.0346014205 0.0000000000
0.0454420157 0.0000000000
0.0396449270 0.0000000000
0.0396449270 0.0000000000
0.0346014205 0.0000000000
0.0454420157 0.0000000000
0.0460208314 0.0000000000
0.0454420157 0.0000000000
0.0396449270 0.0000000000
0.0454265919 0.0000000000
0.0460208314 0.0000000000
0.0396449270 0.0000000000
0.0401827574 0.0000000000
0.0460208314 0.0000000000
0.0541085623 0.0000000000
0.0541085623 0.0000000000
0.0460208314 0.0000000000
0.0460208314 0.0000000000
0.0454265919 0.0000000000
0.0401827574 0.0000000000
0.0396449270 0.0000000000
0.0396449270 0.0000000000
0.0454420157 0.0000000000
0.0460208314 0.0000000000
0.0454420157 0.0000000000
0.0396449270 0.0000000000
0.0454420157 0.0000000000
0.0346014205 0.0000000000
0.0396449270 0.0000000000
0.0346014205 0.0000000000
0.0460208314 0.0000000000
0.0460208314 0.0000000000
0.0396449270 0.0000000000
0.0454420157 0.0000000000
0.0454420157 0.0000000000
0.0346014205 0.0000000000
0.0346014205 0.0000000000
0.0396449270 0.0000000000
0.0460208314 0.0000000000
0.0454265919 0.0000000000
0.0454420157 0.0000000000
0.0454420157 0.0000000000
0.0527633221 0.0000000000
0.0346008652 0.0000000000
0.0401827574 0.0000000000
0.0401827574 0.0000000000
0.0541085623 0.0000000000
0.0401827574 0.0000000000
0.0346014205 0.0000000000
0.0346014205 0.0000000000
0.0346008652 0.0000000000
0.0346008652 0.0000000000
0.0346014205 0.0000000000
0.0346014205 0.0000000000
0.0401827574 0.0000000000
0.0396449270 0.0000000000
0.0396449270 0.0000000000
0.0346014205 0.0000000000
0.0401827574 0.0000000000
0.0346014205 0.0000000000
0.0401827574 0.0000000000
0.0350889276 0.0000000000
0.0472716723 0.0000000000
0.0396449270 0.0000000000
0.0346014205 0.0000000000
0.0396449270 0.0000000000
0.0401827574 0.0000000000
0.0346014205 0.0000000000
0.0350889276 0.0000000000
0.0401827574 0.0000000000
0.0472716723 0.0000000000
0.0454420157 0.0000000000
0.0460208314 0.0000000000
0.0460208314 0.0000000000
0.0541085623 0.0000000000
0.0401827574 0.0000000000
0.0472716723 0.0000000000
0.0472716723 0.0000000000
0.0644278506 0.0000000000
0.0644278506 0.0000000000
0.0472716723 0.0000000000
0.0472716723 0.0000000000
0.0401827574 0.0000000000
0.0541085623 0.0000000000
0.0460208314 0.0000000000
0.0460208314 0.0000000000
0.0454420157 0.0000000000
0.0472716723 0.0000000000
0.0401827574 0.0000000000
0.0350889276 0.0000000000
0.0346014205 0.0000000000
0.0401827574 0.0000000000
0.0396449270 0.0000000000
0.0346014205 0.0000000000
0.0396449270 0.0000000000
0.0472716723 0.0000000000
0.0350889276 0.0000000000
0.0401827574 0.0000000000
0.0346014205 0.0000000000
0.0401827574 0.0000000000
0.0346014205 0.0000000000
0.0396449270 0.0000000000
0.0396449270 0.0000000000
0.0401827574 0.0000000000
0.0346014205 0.0000000000
0.0346014205 0.0000000000
0.0346008652 0.0000000000
0.0346008652 0.0000000000
0.0346014205 0.0000000000
0.0346014205 0.0000000000
0.0401827574 0.0000000000
0.0541085623 0.0000000000
0.0401827574 0.0000000000
0.0401827574 0.0000000000
0.0346008652 0.0000000000
0.0527633221 0.0000000000
0.0454420157 0.0000000000
0.0454420157 0.0000000000
0.0454265919 0.0000000000
0.0460208314 0.0000000000
0.0396449270 0.0000000000
0.0346014205 0.0000000000
0.0346014205 0.0000000000
0.0454420157 0.0000000000
0.0454420157 0.0000000000
0.0396449270 0.0000000000
0.0460208314 0.0000000000
0.0460208314 0.0000000000
0.0346014205 0.0000000000
0.0396449270 0.0000000000
0.0346014205 0.0000000000
0.0454420157 0.0000000000
0.0396449270 0.0000000000
0.0454420157 0.0000000000
0.0460208314 0.0000000000
0.0454420157 0.0000000000
0.0396449270 0.0000000000
0.0396449270 0.0000000000
0.0401827574 0.0000000000
0.0454265919 0.0000000000
0.0460208314 0.0000000000
0.0460208314 0.0000000000
0.0541085623 0.0000000000
0.0541085623 0.0000000000
0.0460208314 0.0000000000
0.0401827574 0.0000000000
0.0396449270 0.0000000000
0.0460208314 0.0000000000
0.0454265919 0.0000000000
0.0396449270 0.0000000000
0.0454420157 0.0000000000
0.0460208314 0.0000000000
0.0454420157 0.0000000000
0.0346014205 0.0000000000
0.0396449270 0.0000000000
0.0396449270 0.0000000000
0.0454420157 0.0000000000
0.0346014205 0.0000000000
0.0460208314 0.0000000000
0.0401827574 0.0000000000
0.0346014205 0.0000000000
0.0346008652 0.0000000000
0.0346014205 0.0000000000
0.0346014205 0.0000000000
0.0346008652 0.0000000000
0.0346014205 0.0000000000
0.0401827574 0.0000000000
0.0396449270 0.0000000000
0.0396449270 0.0000000000
0.0346014205 0.0000000000
0.0401827574 0.0000000000
0.0346014205 0.0000000000
0.0401827574 0.0000000000
0.0350889276 0.0000000000
0.0472716723 0.0000000000
0.0460208314 0.0000000000
0.0396449270 0.0000000000
0.0346014205 0.0000000000
0.0346014205 0.0000000000
0.0454420157 0.0000000000
0.0454420157 0.0000000000
0.0396449270 0.0000000000
0.0460208314 0.0000000000
0.0454265919 0.0000000000
0.0454420157 0.0000000000
0.0346008652 0.0000000000
0.0401827574 0.0000000000
0.0454420157 0.0000000000
0.0527633221 0.0000000000
0.0401827574 0.0000000000
0.0541085623 0.0000000000
0.0396449270 0.0000000000
0.0346014205 0.0000000000
0.0346014205 0.0000000000
0.0350889276 0.0000000000
0.0396449270 0.0000000000
0.0401827574 0.0000000000
0.0401827574 0.0000000000
0.0472716723 0.0000000000
0.0454420157 0.0000000000
0.0460208314 0.0000000000
0.0401827574 0.0000000000
0.0472716723 0.0000000000
0.0460208314 0.0000000000
0.0541085623 0.0000000000
0.0472716723 0.0000000000
0.0644278506 0.0000000000
0.0541085623 0.0000000000
0.0401827574 0.0000000000
0.0460208314 0.0000000000
0.0396449270 0.0000000000
0.0460208314 0.0000000000
0.0396449270 0.0000000000
0.0454265919 0.0000000000
0.0454420157 0.0000000000
0.0401827574 0.0000000000
0.0346008652 0.0000000000
0.0346014205 0.0000000000
0.0346014205 0.0000000000
0.0346014205 0.0000000000
0.0346014205 0.0000000000
0.0346008652 0.0000000000
0.0401827574 0.0000000000
0.0460208314 0.0000000000
0.0346014205 0.0000000000
0.0454420157 0.0000000000
0.0396449270 0.0000000000
0.0396449270 0.0000000000
0.0346014205 0.0000000000
0.0454420157 0.0000000000
0.0460208314 0.0000000000
0.0396449270 0.0000000000
0.0346014205 0.0000000000
0.0396449270 0.0000000000
0.0401827574 0.0000000000
0.0346014205 0.0000000000
0.0350889276 0.0000000000
0.0401827574 0.0000000000
0.0472716723 0.0000000000
0.0460208314 0.0000000000
0.0346014205 0.0000000000
0.0396449270 0.0000000000
0.0346014205 0.0000000000
0.0454420157 0.0000000000
0.0396449270 0.0000000000
0.0454420157 0.0000000000
0.0460208314 0.0000000000
0.0396449270 0.0000000000
0.0346014205 0.0000000000
0.0346014205 0.0000000000
0.0350889276 0.0000000000
0.0396449270 0.0000000000
0.0401827574 0.0000000000
0.0401827574 0.0000000000
0.0472716723 0.0000000000
0.0454265919 0.0000000000
0.0346008652 0.0000000000
0.0454420157 0.0000000000
0.0401827574 0.0000000000
0.0454420157 0.0000000000
0.0401827574 0.0000000000
0.0527633221 0.0000000000
0.0541085623 0.0000000000
0.0454420157 0.0000000000
0.0401827574 0.0000000000
0.0460208314 0.0000000000
0.0472716723 0.0000000000
0.0460208314 0.0000000000
0.0472716723 0.0000000000
0.0541085623 0.0000000000
0.0644278506 0.0000000000
0.0527633221 0.0000000000
0.0454420157 0.0000000000
0.0454420157 0.0000000000
0.0454420157 0.0000000000
0.0454420157 0.0000000000
0.0454420157 0.0000000000
0.0454420157 0.0000000000
0.0527633221 0.0000000000
0.0454420157 0.0000000000
0.0454265919 0.0000000000
0.0396449270 0.0000000000
0.0460208314 0.0000000000
0.0396449270 0.0000000000
0.0460208314 0.0000000000
0.0401827574 0.0000000000
0.0541085623 0.0000000000
0.0454420157 0.0000000000
0.0396449270 0.0000000000
0.0454265919 0.0000000000
0.0460208314 0.0000000000
0.0396449270 0.0000000000
0.0401827574 0.0000000000
0.0460208314 0.0000000000
0.0541085623 0.0000000000
0.0454420157 0.0000000000
0.0460208314 0.0000000000
0.0460208314 0.0000000000
0.0541085623 0.0000000000
0.0401827574 0.0000000000
0.0472716723 0.0000000000
0.0472716723 0.0000000000
0.0644278506 0.0000000000
0.0454420157 0.0000000000
0.0396449270 0.0000000000
0.0396449270 0.0000000000
0.0401827574 0.0000000000
0.0454265919 0.0000000000
0.0460208314 0.0000000000
0.0460208314 0.0000000000
0.0541085623 0.0000000000
0.0454420157 0.0000000000
0.0460208314 0.0000000000
0.0401827574 0.0000000000
0.0472716723 0.0000000000
0.0460208314 0.0000000000
0.0541085623 0.0000000000
0.0472716723 0.0000000000
0.0644278506 0.0000000000
0.0454420157 0.0000000000
0.0401827574 0.0000000000
0.0460208314 0.0000000000
0.0472716723 0.0000000000
0.0460208314 0.0000000000
0.0472716723 0.0000000000
0.0541085623 0.0000000000
0.0644278506 0.0000000000
0.0527633221 0.0000000000
0.0541085623 0.0000000000
0.0541085623 0.0000000000
0.0644278506 0.0000000000
0.0541085623 0.0000000000
0.0644278506 0.0000000000
0.0644278506 0.0000000000
0.0888026271 0.0000000000
