STATE | system=TFIM_3x3 | J=-1.00 | h=2.00 | nqubits=9 | seed=42
0.5007083262 0.0000000000
0.1302893463 0.0000000000
0.1302893463 0.0000000000
0.0464337811 0.0000000000
0.1302893463 0.0000000000
0.0464337811 0.0000000000
0.0464337811 0.0000000000
0.0259399549 0.0000000000
0.1302893463 0.0000000000
0.0464337811 0.0000000000
0.0349593321 0.0000000000
0.0184521793 0.0000000000
0.0349593321 0.0000000000
0.0184521793 0.0000000000
0.0135090785 0.0000000000
0.0128478204 0.0000000000
0.1302893463 0.0000000000
0.0349593321 0.0000000000
0.0464337811 0.0000000000
0.0184521793 0.0000000000
0.0349593321 0.0000000000
0.0135090785 0.0000000000
0.0184521793 0.0000000000
0.0128478204 0.0000000000
0.0464337811 0.0000000000
0.0184521793 0.0000000000
0.0184521793 0.0000000000
0.0127311760 0.0000000000
0.0135090785 0.0000000000
0.0090452720 0.0000000000
0.0090452720 0.0000000000
0.0128478204 0.0000000000
0.1302893463 0.0000000000
0.0349593321 0.0000000000
0.0349593321 0.0000000000
0.0135090785 0.0000000000
0.0464337811 0.0000000000
0.0184521793 0.0000000000
0.0184521793 0.0000000000
0.0128478204 0.0000000000
0.0464337811 0.0000000000
0.0184521793 0.0000000000
0.0135090785 0.0000000000
0.0090452720 0.0000000000
0.0184521793 0.0000000000
0.0127311760 0.0000000000
0.0090452720 0.0000000000
0.0128478204 0.0000000000
0.0464337811 0.0000000000
0.0135090785 0.0000000000
0.0184521793 0.0000000000
0.0090452720 0.0000000000
0.0184521793 0.0000000000
0.0090452720 0.0000000000
0.0127311760 0.0000000000
0.0128478204 0.0000000000
0.0259399549 0.0000000000
0.0128478204 0.0000000000
0.0128478204 0.0000000000
0.0128478204 0.0000000000
0.0128478204 0.0000000000
0.0128478204 0.0000000000
0.0128478204 0.0000000000
0.0259399549 0.0000000000
0.1302893463 0.0000000000
0.0464337811 0.0000000000
0.0349593321 0.0000000000
0.0184521793 0.0000000000
0.0349593321 0.0000000000
0.0184521793 0.0000000000
0.0135090785 0.0000000000
0.0128478204 0.0000000000
0.0464337811 0.0000000000
0.0259399549 0.0000000000
0.0135090785 0.0000000000
0.0128478204 0.0000000000
0.0135090785 0.0000000000
0.0128478204 0.0000000000
0.0064644300 0.0000000000
0.0127311760 0.0000000000
0.0349593321 0.0000000000
0.0135090785 0.0000000000
0.0135090785 0.0000000000
0.0090452720 0.0000000000
0.0100262223 0.0000000000
0.0064861645 0.0000000000
0.0064861645 0.0000000000
0.0090452720 0.0000000000
0.0184521793 0.0000000000
0.0128478204 0.0000000000
0.0090452720 0.0000000000
0.0128478204 0.0000000000
0.0064861645 0.0000000000
0.0090452720 0.0000000000
0.0064861645 0.0000000000
0.0184521793 0.0000000000
0.0349593321 0.0000000000
0.0135090785 0.0000000000
0.0100262223 0.0000000000
0.0064861645 0.0000000000
0.0135090785 0.0000000000
0.0090452720 0.0000000000
0.0064861645 0.0000000000
0.0090452720 0.0000000000
0.0184521793 0.0000000000
0.0128478204 0.0000000000
0.0064861645 0.0000000000
0.0090452720 0.0000000000
0.0090452720 0.0000000000
0.0128478204 0.0000000000
0.0064861645 0.0000000000
0.0184521793 0.0000000000
0.0135090785 0.0000000000
0.0064644300 0.0000000000
0.0064861645 0.0000000000
0.0064861645 0.0000000000
0.0064861645 0.0000000000
0.0064861645 0.0000000000
0.0064644300 0.0000000000
0.0135090785 0.0000000000
0.0128478204 0.0000000000
0.0127311760 0.0000000000
0.0090452720 0.0000000000
0.0184521793 0.0000000000
0.0090452720 0.0000000000
0.0184521793 0.0000000000
0.0135090785 0.0000000000
0.0464337811 0.0000000000
0.1302893463 0.0000000000
0.0349593321 0.0000000000
0.0464337811 0.0000000000
0.0184521793 0.0000000000
0.0349593321 0.0000000000
0.0135090785 0.0000000000
0.0184521793 0.0000000000
0.0128478204 0.0000000000
0.0349593321 0.0000000000
0.0135090785 0.0000000000
0.0135090785 0.0000000000
0.0090452720 0.0000000000
0.0100262223 0.0000000000
0.0064861645 0.0000000000
0.0064861645 0.0000000000
0.0090452720 0.0000000000
0.0464337811 0.0000000000
0.0135090785 0.0000000000
0.0259399549 0.0000000000
0.0128478204 0.0000000000
0.0135090785 0.0000000000
0.0064644300 0.0000000000
0.0128478204 0.0000000000
0.0127311760 0.0000000000
0.0184521793 0.0000000000
0.0090452720 0.0000000000
0.0128478204 0.0000000000
0.0128478204 0.0000000000
0.0064861645 0.0000000000
0.0064861645 0.0000000000
0.0090452720 0.0000000000
0.0184521793 0.0000000000
0.0349593321 0.0000000000
0.0100262223 0.0000000000
0.0135090785 0.0000000000
0.0064861645 0.0000000000
0.0135090785 0.0000000000
0.0064861645 0.0000000000
0.0090452720 0.0000000000
0.0090452720 0.0000000000
0.0135090785 0.0000000000
0.0064861645 0.0000000000
0.0064644300 0.0000000000
0.0064861645 0.0000000000
0.0064861645 0.0000000000
0.0064644300 0.0000000000
0.0064861645 0.0000000000
0.0135090785 0.0000000000
0.0184521793 0.0000000000
0.0064861645 0.0000000000
0.0128478204 0.0000000000
0.0090452720 0.0000000000
0.0090452720 0.0000000000
0.0064861645 0.0000000000
0.0128478204 0.0000000000
0.0184521793 0.0000000000
0.0128478204 0.0000000000
0.0090452720 0.0000000000
0.0127311760 0.0000000000
0.0184521793 0.0000000000
0.0090452720 0.0000000000
0.0135090785 0.0000000000
0.0184521793 0.0000000000
0.0464337811 0.0000000000
0.0464337811 0.0000000000
0.0184521793 0.0000000000
0.0184521793 0.0000000000
0.0127311760 0.0000000000
0.0135090785 0.0000000000
0.0090452720 0.0000000000
0.0090452720 0.0000000000
0.0128478204 0.0000000000
0.0184521793 0.0000000000
0.0128478204 0.0000000000
0.0090452720 0.0000000000
0.0128478204 0.0000000000
0.0064861645 0.0000000000
0.0090452720 0.0000000000
0.0064861645 0.0000000000
0.0184521793 0.0000000000
0.0184521793 0.0000000000
0.0090452720 0.0000000000
0.0128478204 0.0000000000
0.0128478204 0.0000000000
0.0064861645 0.0000000000
0.0064861645 0.0000000000
0.0090452720 0.0000000000
0.0184521793 0.0000000000
0.0127311760 0.0000000000
0.0128478204 0.0000000000
0.0128478204 0.0000000000
0.0259399549 0.0000000000
0.0064644300 0.0000000000
0.0135090785 0.0000000000
0.0135090785 0.0000000000
0.0464337811 0.0000000000
0.0135090785 0.0000000000
0.0064861645 0.0000000000
0.0064861645 0.0000000000
0.0064644300 0.0000000000
0.0064644300 0.0000000000
0.0064861645 0.0000000000
0.0064861645 0.0000000000
0.0135090785 0.0000000000
0.0090452720 0.0000000000
0.0090452720 0.0000000000
0.0064861645 0.0000000000
0.0135090785 0.0000000000
0.0064861645 0.0000000000
0.0135090785 0.0000000000
0.0100262223 0.0000000000
0.0349593321 0.0000000000
0.0090452720 0.0000000000
0.0064861645 0.0000000000
0.0090452720 0.0000000000
0.0135090785 0.0000000000
0.0064861645 0.0000000000
0.0100262223 0.0000000000
0.0135090785 0.0000000000
0.0349593321 0.0000000000
0.0128478204 0.0000000000
0.0184521793 0.0000000000
0.0184521793 0.0000000000
0.0464337811 0.0000000000
0.0135090785 0.0000000000
0.0349593321 0.0000000000
0.0349593321 0.0000000000
0.1302893463 0.0000000000
0.1302893463 0.0000000000
0.0349593321 0.0000000000
0.0349593321 0.0000000000
0.0135090785 0.0000000000
0.0464337811 0.0000000000
0.0184521793 0.0000000000
0.0184521793 0.0000000000
0.0128478204 0.0000000000
0.0349593321 0.0000000000
0.0135090785 0.0000000000
0.0100262223 0.0000000000
0.0064861645 0.0000000000
0.0135090785 0.0000000000
0.0090452720 0.0000000000
0.0064861645 0.0000000000
0.0090452720 0.0000000000
0.0349593321 0.0000000000
0.0100262223 0.0000000000
0.0135090785 0.0000000000
0.0064861645 0.0000000000
0.0135090785 0.0000000000
0.0064861645 0.0000000000
0.0090452720 0.0000000000
0.0090452720 0.0000000000
0.0135090785 0.0000000000
0.0064861645 0.0000000000
0.0064861645 0.0000000000
0.0064644300 0.0000000000
0.0064644300 0.0000000000
0.0064861645 0.0000000000
0.0064861645 0.0000000000
0.0135090785 0.0000000000
0.0464337811 0.0000000000
0.0135090785 0.0000000000
0.0135090785 0.0000000000
0.0064644300 0.0000000000
0.0259399549 0.0000000000
0.0128478204 0.0000000000
0.0128478204 0.0000000000
0.0127311760 0.0000000000
0.0184521793 0.0000000000
0.0090452720 0.0000000000
0.0064861645 0.0000000000
0.0064861645 0.0000000000
0.0128478204 0.0000000000
0.0128478204 0.0000000000
0.0090452720 0.0000000000
0.0184521793 0.0000000000
0.0184521793 0.0000000000
0.0064861645 0.0000000000
0.0090452720 0.0000000000
0.0064861645 0.0000000000
0.0128478204 0.0000000000
0.0090452720 0.0000000000
0.0128478204 0.0000000000
0.0184521793 0.0000000000
0.0128478204 0.0000000000
0.0090452720 0.0000000000
0.0090452720 0.0000000000
0.0135090785 0.0000000000
0.0127311760 0.0000000000
0.0184521793 0.0000000000
0.0184521793 0.0000000000
0.0464337811 0.0000000000
0.0464337811 0.0000000000
0.0184521793 0.0000000000
0.0135090785 0.0000000000
0.0090452720 0.0000000000
0.0184521793 0.0000000000
0.0127311760 0.0000000000
0.0090452720 0.0000000000
0.0128478204 0.0000000000
0.0184521793 0.0000000000
0.0128478204 0.0000000000
0.0064861645 0.0000000000
0.0090452720 0.0000000000
0.0090452720 0.0000000000
0.0128478204 0.0000000000
0.0064861645 0.0000000000
0.0184521793 0.0000000000
0.0135090785 0.0000000000
0.0064861645 0.0000000000
0.0064644300 0.0000000000
0.0064861645 0.0000000000
0.0064861645 0.0000000000
0.0064644300 0.0000000000
0.0064861645 0.0000000000
0.0135090785 0.0000000000
0.0090452720 0.0000000000
0.0090452720 0.0000000000
0.0064861645 0.0000000000
0.0135090785 0.0000000000
0.0064861645 0.0000000000
0.0135090785 0.0000000000
0.0100262223 0.0000000000
0.0349593321 0.0000000000
0.0184521793 0.0000000000
0.0090452720 0.0000000000
0.0064861645 0.0000000000
0.0064861645 0.0000000000
0.0128478204 0.0000000000
0.0128478204 0.0000000000
0.0090452720 0.0000000000
0.0184521793 0.0000000000
0.0127311760 0.0000000000
0.0128478204 0.0000000000
0.0064644300 0.0000000000
0.0135090785 0.0000000000
0.0128478204 0.0000000000
0.0259399549 0.0000000000
0.0135090785 0.0000000000
0.0464337811 0.0000000000
0.0090452720 0.0000000000
0.0064861645 0.0000000000
0.0064861645 0.0000000000
0.0100262223 0.0000000000
0.0090452720 0.0000000000
0.0135090785 0.0000000000
0.0135090785 0.0000000000
0.0349593321 0.0000000000
0.0128478204 0.0000000000
0.0184521793 0.0000000000
0.0135090785 0.0000000000
0.0349593321 0.0000000000
0.0184521793 0.0000000000
0.0464337811 0.0000000000
0.0349593321 0.0000000000
0.1302893463 0.0000000000
0.0464337811 0.0000000000
0.0135090785 0.0000000000
0.0184521793 0.0000000000
0.0090452720 0.0000000000
0.0184521793 0.0000000000
0.0090452720 0.0000000000
0.0127311760 0.0000000000
0.0128478204 0.0000000000
0.0135090785 0.0000000000
0.0064644300 0.0000000000
0.0064861645 0.0000000000
0.0064861645 0.0000000000
0.0064861645 0.0000000000
0.0064861645 0.0000000000
0.0064644300 0.0000000000
0.0135090785 0.0000000000
0.0184521793 0.0000000000
0.0064861645 0.0000000000
0.0128478204 0.0000000000
0.0090452720 0.0000000000
0.0090452720 0.0000000000
0.0064861645 0.0000000000
0.0128478204 0.0000000000
0.0184521793 0.0000000000
0.0090452720 0.0000000000
0.0064861645 0.0000000000
0.0090452720 0.0000000000
0.0135090785 0.0000000000
0.0064861645 0.0000000000
0.0100262223 0.0000000000
0.0135090785 0.0000000000
0.0349593321 0.0000000000
0.0184521793 0.0000000000
0.0064861645 0.0000000000
0.0090452720 0.0000000000
0.0064861645 0.0000000000
0.0128478204 0.0000000000
0.0090452720 0.0000000000
0.0128478204 0.0000000000
0.0184521793 0.0000000000
0.0090452720 0.0000000000
0.0064861645 0.0000000000
0.0064861645 0.0000000000
0.0100262223 0.0000000000
0.0090452720 0.0000000000
0.0135090785 0.0000000000
0.0135090785 0.0000000000
0.0349593321 0.0000000000
0.0127311760 0.0000000000
0.0064644300 0.0000000000
0.0128478204 0.0000000000
0.0135090785 0.0000000000
0.0128478204 0.0000000000
0.0135090785 0.0000000000
0.0259399549 0.0000000000
0.0464337811 0.0000000000
0.0128478204 0.0000000000
0.0135090785 0.0000000000
0.0184521793 0.0000000000
0.0349593321 0.0000000000
0.0184521793 0.0000000000
0.0349593321 0.0000000000
0.0464337811 0.0000000000
0.1302893463 0.0000000000
0.0259399549 0.0000000000
0.0128478204 0.0000000000
0.0128478204 0.0000000000
0.0128478204 0.0000000000
0.0128478204 0.0000000000
0.0128478204 0.0000000000
0.0128478204 0.0000000000
0.0259399549 0.0000000000
0.0128478204 0.0000000000
0.0127311760 0.0000000000
0.0090452720 0.0000000000
0.0184521793 0.0000000000
0.0090452720 0.0000000000
0.0184521793 0.0000000000
0.0135090785 0.0000000000
0.0464337811 0.0000000000
0.0128478204 0.0000000000
0.0090452720 0.0000000000
0.0127311760 0.0000000000
0.0184521793 0.0000000000
0.0090452720 0.0000000000
0.0135090785 0.0000000000
0.0184521793 0.0000000000
0.0464337811 0.0000000000
0.0128478204 0.0000000000
0.0184521793 0.0000000000
0.0184521793 0.0000000000
0.0464337811 0.0000000000
0.0135090785 0.0000000000
0.0349593321 0.0000000000
0.0349593321 0.0000000000
0.1302893463 0.0000000000
0.0128478204 0.0000000000
0.0090452720 0.0000000000
0.0090452720 0.0000000000
0.0135090785 0.0000000000
0.0127311760 0.0000000000
0.0184521793 0.0000000000
0.0184521793 0.0000000000
0.0464337811 0.0000000000
0.0128478204 0.0000000000
0.0184521793 0.0000000000
0.0135090785 0.0000000000
0.0349593321 0.0000000000
0.0184521793 0.0000000000
0.0464337811 0.0000000000
0.0349593321 0.0000000000
0.1302893463 0.0000000000
0.0128478204 0.0000000000
0.0135090785 0.0000000000
0.0184521793 0.0000000000
0.0349593321 0.0000000000
0.0184521793 0.0000000000
0.0349593321 0.0000000000
0.0464337811 0.0000000000
0.1302893463 0.0000000000
0.0259399549 0.0000000000
0.0464337811 0.0000000000
0.0464337811 0.0000000000
0.1302893463 0.0000000000
0.0464337811 0.0000000000
0.1302893463 0.0000000000
0.1302893463 0.0000000000
0.5007083262 0.0000000000
