STATE | system=TFIM_3x3 | J=-1.00 | h=2.80 | nqubits=9 | seed=42
-0.3075321465 0.0000000000
-0.1183811000 0.0000000000
-0.1183811000 0.0000000000
-0.0624516324 0.0000000000
-0.1183811000 0.0000000000
-0.0624516324 0.0000000000
-0.0624516324 0.0000000000
-0.0485420209 0.0000000000
-0.1183811000 0.0000000000
-0.0624516324 0.0000000000
-0.0477546250 0.0000000000
-0.0360759999 0.0000000000
-0.0477546250 0.0000000000
-0.0360759999 0.0000000000
-0.0272011110 0.0000000000
-0.0314756273 0.0000000000
-0.1183811000 0.0000000000
-0.0477546250 0.0000000000
-0.0624516324 0.0000000000
-0.0360759999 0.0000000000
-0.0477546250 0.0000000000
-0.0272011110 0.0000000000
-0.0360759999 0.0000000000
-0.0314756273 0.0000000000
-0.0624516324 0.0000000000
-0.0360759999 0.0000000000
-0.0360759999 0.0000000000
-0.0313391647 0.0000000000
-0.0272011110 0.0000000000
-0.0233604648 0.0000000000
-0.0233604648 0.0000000000
-0.0314756273 0.0000000000
-0.1183811000 0.0000000000
-0.0477546250 0.0000000000
-0.0477546250 0.0000000000
-0.0272011110 0.0000000000
-0.0624516324 0.0000000000
-0.0360759999 0.0000000000
-0.0360759999 0.0000000000
-0.0314756273 0.0000000000
-0.0624516324 0.0000000000
-0.0360759999 0.0000000000
-0.0272011110 0.0000000000
-0.0233604648 0.0000000000
-0.0360759999 0.0000000000
-0.0313391647 0.0000000000
-0.0233604648 0.0000000000
-0.0314756273 0.0000000000
-0.0624516324 0.0000000000
-0.0272011110 0.0000000000
-0.0360759999 0.0000000000
-0.0233604648 0.0000000000
-0.0360759999 0.0000000000
-0.0233604648 0.0000000000
-0.0313391647 0.0000000000
-0.0314756273 0.0000000000
-0.0485420209 0.0000000000
-0.0314756273 0.0000000000
-0.0314756273 0.0000000000
-0.0314756273 0.0000000000
-0.0314756273 0.0000000000
-0.0314756273 0.0000000000
-0.0314756273 0.0000000000
-0.0485420209 0.0000000000
-0.1183811000 0.0000000000
-0.0624516324 0.0000000000
-0.0477546250 0.0000000000
-0.0360759999 0.0000000000
-0.0477546250 0.0000000000
-0.0360759999 0.0000000000
-0.0272011110 0.0000000000
-0.0314756273 0.0000000000
-0.0624516324 0.0000000000
-0.0485420209 0.0000000000
-0.0272011110 0.0000000000
-0.0314756273 0.0000000000
-0.0272011110 0.0000000000
-0.0314756273 0.0000000000
-0.0174474169 0.0000000000
-0.0313391647 0.0000000000
-0.0477546250 0.0000000000
-0.0272011110 0.0000000000
-0.0272011110 0.0000000000
-0.0233604648 0.0000000000
-0.0206084625 0.0000000000
-0.0174628480 0.0000000000
-0.0174628480 0.0000000000
-0.0233604648 0.0000000000
-0.0360759999 0.0000000000
-0.0314756273 0.0000000000
-0.0233604648 0.0000000000
-0.0314756273 0.0000000000
-0.0174628480 0.0000000000
-0.0233604648 0.0000000000
-0.0174628480 0.0000000000
-0.0360759999 0.0000000000
-0.0477546250 0.0000000000
-0.0272011110 0.0000000000
-0.0206084625 0.0000000000
-0.0174628480 0.0000000000
-0.0272011110 0.0000000000
-0.0233604648 0.0000000000
-0.0174628480 0.0000000000
-0.0233604648 0.0000000000
-0.0360759999 0.0000000000
-0.0314756273 0.0000000000
-0.0174628480 0.0000000000
-0.0233604648 0.0000000000
-0.0233604648 0.0000000000
-0.0314756273 0.0000000000
-0.0174628480 0.0000000000
-0.0360759999 0.0000000000
-0.0272011110 0.0000000000
-0.0174474169 0.0000000000
-0.0174628480 0.0000000000
-0.0174628480 0.0000000000
-0.0174628480 0.0000000000
-0.0174628480 0.0000000000
-0.0174474169 0.0000000000
-0.0272011110 0.0000000000
-0.0314756273 0.0000000000
-0.0313391647 0.0000000000
-0.0233604648 0.0000000000
-0.0360759999 0.0000000000
-0.0233604648 0.0000000000
-0.0360759999 0.0000000000
-0.0272011110 0.0000000000
-0.0624516324 0.0000000000
-0.1183811000 0.0000000000
-0.0477546250 0.0000000000
-0.0624516324 0.0000000000
-0.0360759999 0.0000000000
-0.0477546250 0.0000000000
-0.0272011110 0.0000000000
-0.0360759999 0.0000000000
-0.0314756273 0.0000000000
-0.0477546250 0.0000000000
-0.0272011110 0.0000000000
-0.0272011110 0.0000000000
-0.0233604648 0.0000000000
-0.0206084625 0.0000000000
-0.0174628480 0.0000000000
-0.0174628480 0.0000000000
-0.0233604648 0.0000000000
-0.0624516324 0.0000000000
-0.0272011110 0.0000000000
-0.0485420209 0.0000000000
-0.0314756273 0.0000000000
-0.0272011110 0.0000000000
-0.0174474169 0.0000000000
-0.0314756273 0.0000000000
-0.0313391647 0.0000000000
-0.0360759999 0.0000000000
-0.0233604648 0.0000000000
-0.0314756273 0.0000000000
-0.0314756273 0.0000000000
-0.0174628480 0.0000000000
-0.0174628480 0.0000000000
-0.0233604648 0.0000000000
-0.0360759999 0.0000000000
-0.0477546250 0.0000000000
-0.0206084625 0.0000000000
-0.0272011110 0.0000000000
-0.0174628480 0.0000000000
-0.0272011110 0.0000000000
-0.0174628480 0.0000000000
-0.0233604648 0.0000000000
-0.0233604648 0.0000000000
-0.0272011110 0.0000000000
-0.0174628480 0.0000000000
-0.0174474169 0.0000000000
-0.0174628480 0.0000000000
-0.0174628480 0.0000000000
-0.0174474169 0.0000000000
-0.0174628480 0.0000000000
-0.0272011110 0.0000000000
-0.0360759999 0.0000000000
-0.0174628480 0.0000000000
-0.0314756273 0.0000000000
-0.0233604648 0.0000000000
-0.0233604648 0.0000000000
-0.0174628480 0.0000000000
-0.0314756273 0.0000000000
-0.0360759999 0.0000000000
-0.0314756273 0.0000000000
-0.0233604648 0.0000000000
-0.0313391647 0.0000000000
-0.0360759999 0.0000000000
-0.0233604648 0.0000000000
-0.0272011110 0.0000000000
-0.0360759999 0.0000000000
-0.0624516324 0.0000000000
-0.0624516324 0.0000000000
-0.0360759999 0.0000000000
-0.0360759999 0.0000000000
-0.0313391647 0.0000000000
-0.0272011110 0.0000000000
-0.0233604648 0.0000000000
-0.0233604648 0.0000000000
-0.0314756273 0.0000000000
-0.0360759999 0.0000000000
-0.0314756273 0.0000000000
-0.0233604648 0.0000000000
-0.0314756273 0.0000000000
-0.0174628480 0.0000000000
-0.0233604648 0.0000000000
-0.0174628480 0.0000000000
-0.0360759999 0.0000000000
-0.0360759999 0.0000000000
-0.0233604648 0.0000000000
-0.0314756273 0.0000000000
-0.0314756273 0.0000000000
-0.0174628480 0.0000000000
-0.0174628480 0.0000000000
-0.0233604648 0.0000000000
-0.0360759999 0.0000000000
-0.0313391647 0.0000000000
-0.0314756273 0.0000000000
-0.0314756273 0.0000000000
-0.0485420209 0.0000000000
-0.0174474169 0.0000000000
-0.0272011110 0.0000000000
-0.0272011110 0.0000000000
-0.0624516324 0.0000000000
-0.0272011110 0.0000000000
-0.0174628480 0.0000000000
-0.0174628480 0.0000000000
-0.0174474169 0.0000000000
-0.0174474169 0.0000000000
-0.0174628480 0.0000000000
-0.0174628480 0.0000000000
-0.0272011110 0.0000000000
-0.0233604648 0.0000000000
-0.0233604648 0.0000000000
-0.0174628480 0.0000000000
-0.0272011110 0.0000000000
-0.0174628480 0.0000000000
-0.0272011110 0.0000000000
-0.0206084625 0.0000000000
-0.0477546250 0.0000000000
-0.0233604648 0.0000000000
-0.0174628480 0.0000000000
-0.0233604648 0.0000000000
-0.0272011110 0.0000000000
-0.0174628480 0.0000000000
-0.0206084625 0.0000000000
-0.0272011110 0.0000000000
-0.0477546250 0.0000000000
-0.0314756273 0.0000000000
-0.0360759999 0.0000000000
-0.0360759999 0.0000000000
-0.0624516324 0.0000000000
-0.0272011110 0.0000000000
-0.0477546250 0.0000000000
-0.0477546250 0.0000000000
-0.1183811000 0.0000000000
-0.1183811000 0.0000000000
-0.0477546250 0.0000000000
-0.0477546250 0.0000000000
-0.0272011110 0.0000000000
-0.0624516324 0.0000000000
-0.0360759999 0.0000000000
-0.0360759999 0.0000000000
-0.0314756273 0.0000000000
-0.0477546250 0.0000000000
-0.0272011110 0.0000000000
-0.0206084625 0.0000000000
-0.0174628480 0.0000000000
-0.0272011110 0.0000000000
-0.0233604648 0.0000000000
-0.0174628480 0.0000000000
-0.0233604648 0.0000000000
-0.0477546250 0.0000000000
-0.0206084625 0.0000000000
-0.0272011110 0.0000000000
-0.0174628480 0.0000000000
-0.0272011110 0.0000000000
-0.0174628480 0.0000000000
-0.0233604648 0.0000000000
-0.0233604648 0.0000000000
-0.0272011110 0.0000000000
-0.0174628480 0.0000000000
-0.0174628480 0.0000000000
-0.0174474169 0.0000000000
-0.0174474169 0.0000000000
-0.0174628480 0.0000000000
-0.0174628480 0.0000000000
-0.0272011110 0.0000000000
-0.0624516324 0.0000000000
-0.0272011110 0.0000000000
-0.0272011110 0.0000000000
-0.0174474169 0.0000000000
-0.0485420209 0.0000000000
-0.0314756273 0.0000000000
-0.0314756273 0.0000000000
-0.0313391647 0.0000000000
-0.0360759999 0.0000000000
-0.0233604648 0.0000000000
-0.0174628480 0.0000000000
-0.0174628480 0.0000000000
-0.0314756273 0.0000000000
-0.0314756273 0.0000000000
-0.0233604648 0.0000000000
-0.0360759999 0.0000000000
-0.0360759999 0.0000000000
-0.0174628480 0.0000000000
-0.0233604648 0.0000000000
-0.0174628480 0.0000000000
-0.0314756273 0.0000000000
-0.0233604648 0.0000000000
-0.0314756273 0.0000000000
-0.0360759999 0.0000000000
-0.0314756273 0.0000000000
-0.0233604648 0.0000000000
-0.0233604648 0.0000000000
-0.0272011110 0.0000000000
-0.0313391647 0.0000000000
-0.0360759999 0.0000000000
-0.0360759999 0.0000000000
-0.0624516324 0.0000000000
-0.0624516324 0.0000000000
-0.0360759999 0.0000000000
-0.0272011110 0.0000000000
-0.0233604648 0.0000000000
-0.0360759999 0.0000000000
-0.0313391647 0.0000000000
-0.0233604648 0.0000000000
-0.0314756273 0.0000000000
-0.0360759999 0.0000000000
-0.0314756273 0.0000000000
-0.0174628480 0.0000000000
-0.0233604648 0.0000000000
-0.0233604648 0.0000000000
-0.0314756273 0.0000000000
-0.0174628480 0.0000000000
-0.0360759999 0.0000000000
-0.0272011110 0.0000000000
-0.0174628480 0.0000000000
-0.0174474169 0.0000000000
-0.0174628480 0.0000000000
-0.0174628480 0.0000000000
-0.0174474169 0.0000000000
-0.0174628480 0.0000000000
-0.0272011110 0.0000000000
-0.0233604648 0.0000000000
-0.0233604648 0.0000000000
-0.0174628480 0.0000000000
-0.0272011110 0.0000000000
-0.0174628480 0.0000000000
-0.0272011110 0.0000000000
-0.0206084625 0.0000000000
-0.0477546250 0.0000000000
-0.0360759999 0.0000000000
-0.0233604648 0.0000000000
-0.0174628480 0.0000000000
-0.0174628480 0.0000000000
-0.0314756273 0.0000000000
-0.0314756273 0.0000000000
-0.0233604648 0.0000000000
-0.0360759999 0.0000000000
-0.0313391647 0.0000000000
-0.0314756273 0.0000000000
-0.0174474169 0.0000000000
-0.0272011110 0.0000000000
-0.0314756273 0.0000000000
-0.0485420209 0.0000000000
-0.0272011110 0.0000000000
-0.0624516324 0.0000000000
-0.0233604648 0.0000000000
-0.0174628480 0.0000000000
-0.0174628480 0.0000000000
-0.0206084625 0.0000000000
-0.0233604648 0.0000000000
-0.0272011110 0.0000000000
-0.0272011110 0.0000000000
-0.0477546250 0.0000000000
-0.0314756273 0.0000000000
-0.0360759999 0.0000000000
-0.0272011110 0.0000000000
-0.0477546250 0.0000000000
-0.0360759999 0.0000000000
-0.0624516324 0.0000000000
-0.0477546250 0.0000000000
-0.1183811000 0.0000000000
-0.0624516324 0.0000000000
-0.0272011110 0.0000000000
-0.0360759999 0.0000000000
-0.0233604648 0.0000000000
-0.0360759999 0.0000000000
-0.0233604648 0.0000000000
-0.0313391647 0.0000000000
-0.0314756273 0.0000000000
-0.0272011110 0.0000000000
-0.0174474169 0.0000000000
-0.0174628480 0.0000000000
-0.0174628480 0.0000000000
-0.0174628480 0.0000000000
-0.0174628480 0.0000000000
-0.0174474169 0.0000000000
-0.0272011110 0.0000000000
-0.0360759999 0.0000000000
-0.0174628480 0.0000000000
-0.0314756273 0.0000000000
-0.0233604648 0.0000000000
-0.0233604648 0.0000000000
-0.0174628480 0.0000000000
-0.0314756273 0.0000000000
-0.0360759999 0.0000000000
-0.0233604648 0.0000000000
-0.0174628480 0.0000000000
-0.0233604648 0.0000000000
-0.0272011110 0.0000000000
-0.0174628480 0.0000000000
-0.0206084625 0.0000000000
-0.0272011110 0.0000000000
-0.0477546250 0.0000000000
-0.0360759999 0.0000000000
-0.0174628480 0.0000000000
-0.0233604648 0.0000000000
-0.0174628480 0.0000000000
-0.0314756273 0.0000000000
-0.0233604648 0.0000000000
-0.0314756273 0.0000000000
-0.0360759999 0.0000000000
-0.0233604648 0.0000000000
-0.0174628480 0.0000000000
-0.0174628480 0.0000000000
-0.0206084625 0.0000000000
-0.0233604648 0.0000000000
-0.0272011110 0.0000000000
-0.0272011110 0.0000000000
-0.0477546250 0.0000000000
-0.0313391647 0.0000000000
-0.0174474169 0.0000000000
-0.0314756273 0.0000000000
-0.0272011110 0.0000000000
-0.0314756273 0.0000000000
-0.0272011110 0.0000000000
-0.0485420209 0.0000000000
-0.0624516324 0.0000000000
-0.0314756273 0.0000000000
-0.0272011110 0.0000000000
-0.0360759999 0.0000000000
-0.0477546250 0.0000000000
-0.0360759999 0.0000000000
-0.0477546250 0.0000000000
-0.0624516324 0.0000000000
-0.1183811000 0.0000000000
-0.0485420209 0.0000000000
-0.0314756273 0.0000000000
-0.0314756273 0.0000000000
-0.0314756273 0.0000000000
-0.0314756273 0.0000000000
-0.0314756273 0.0000000000
-0.0314756273 0.0000000000
-0.0485420209 0.0000000000
-0.0314756273 0.0000000000
-0.0313391647 0.0000000000
-0.0233604648 0.0000000000
-0.0360759999 0.0000000000
-0.0233604648 0.0000000000
-0.0360759999 0.0000000000
-0.0272011110 0.0000000000
-0.0624516324 0.0000000000
-0.0314756273 0.0000000000
-0.0233604648 0.0000000000
-0.0313391647 0.0000000000
-0.0360759999 0.0000000000
-0.0233604648 0.0000000000
-0.0272011110 0.0000000000
-0.0360759999 0.0000000000
-0.0624516324 0.0000000000
-0.0314756273 0.0000000000
-0.0360759999 0.0000000000
-0.0360759999 0.0000000000
-0.0624516324 0.0000000000
-0.0272011110 0.0000000000
-0.0477546250 0.0000000000
-0.0477546250 0.0000000000
-0.1183811000 0.0000000000
-0.0314756273 0.0000000000
-0.0233604648 0.0000000000
-0.0233604648 0.0000000000
-0.0272011110 0.0000000000
-0.0313391647 0.0000000000
-0.0360759999 0.0000000000
-0.0360759999 0.0000000000
-0.0624516324 0.0000000000
-0.0314756273 0.0000000000
-0.0360759999 0.0000000000
-0.0272011110 0.0000000000
-0.0477546250 0.0000000000
-0.0360759999 0.0000000000
-0.0624516324 0.0000000000
-0.0477546250 0.0000000000
-0.1183811000 0.0000000000
-0.0314756273 0.0000000000
-0.0272011110 0.0000000000
-0.0360759999 0.0000000000
-0.0477546250 0.0000000000
-0.0360759999 0.0000000000
-0.0477546250 0.0000000000
-0.0624516324 0.0000000000
-0.1183811000 0.0000000000
-0.0485420209 0.0000000000
-0.0624516324 0.0000000000
-0.0624516324 0.0000000000
-0.1183811000 0.0000000000
-0.0624516324 0.0000000000
-0.1183811000 0.0000000000
-0.1183811000 0.0000000000
-0.3075321465 0.0000000000
