STATE | system=TFIM_3x3 | J=-1.00 | h=4.00 | nqubits=9 | seed=42
0.1637552604 0.0000000000
0.0882963325 0.0000000000
0.0882963325 0.0000000000
0.0611452100 0.0000000000
0.0882963325 0.0000000000
0.0611452100 0.0000000000
0.0611452100 0.0000000000
0.0555648243 0.0000000000
0.0882963325 0.0000000000
0.0611452100 0.0000000000
0.0491846405 0.0000000000
0.0442691667 0.0000000000
0.0491846405 0.0000000000
0.0442691667 0.0000000000
0.0354626278 0.0000000000
0.0421503806 0.0000000000
0.0882963325 0.0000000000
0.0491846405 0.0000000000
0.0611452100 0.0000000000
0.0442691667 0.0000000000
0.0491846405 0.0000000000
0.0354626278 0.0000000000
0.0442691667 0.0000000000
0.0421503806 0.0000000000
0.0611452100 0.0000000000
0.0442691667 0.0000000000
0.0442691667 0.0000000000
0.0420796141 0.0000000000
0.0354626278 0.0000000000
0.0336007807 0.0000000000
0.0336007807 0.0000000000
0.0421503806 0.0000000000
0.0882963325 0.0000000000
0.0491846405 0.0000000000
0.0491846405 0.0000000000
0.0354626278 0.0000000000
0.0611452100 0.0000000000
0.0442691667 0.0000000000
0.0442691667 0.0000000000
0.0421503806 0.0000000000
0.0611452100 0.0000000000
0.0442691667 0.0000000000
0.0354626278 0.0000000000
0.0336007807 0.0000000000
0.0442691667 0.0000000000
0.0420796141 0.0000000000
0.0336007807 0.0000000000
0.0421503806 0.0000000000
0.0611452100 0.0000000000
0.0354626278 0.0000000000
0.0442691667 0.0000000000
0.0336007807 0.0000000000
0.0442691667 0.0000000000
0.0336007807 0.0000000000
0.0420796141 0.0000000000
0.0421503806 0.0000000000
0.0555648243 0.0000000000
0.0421503806 0.0000000000
0.0421503806 0.0000000000
0.0421503806 0.0000000000
0.0421503806 0.0000000000
0.0421503806 0.0000000000
0.0421503806 0.0000000000
0.0555648243 0.0000000000
0.0882963325 0.0000000000
0.0611452100 0.0000000000
0.0491846405 0.0000000000
0.0442691667 0.0000000000
0.0491846405 0.0000000000
0.0442691667 0.0000000000
0.0354626278 0.0000000000
0.0421503806 0.0000000000
0.0611452100 0.0000000000
0.0555648243 0.0000000000
0.0354626278 0.0000000000
0.0421503806 0.0000000000
0.0354626278 0.0000000000
0.0421503806 0.0000000000
0.0268430534 0.0000000000
0.0420796141 0.0000000000
0.0491846405 0.0000000000
0.0354626278 0.0000000000
0.0354626278 0.0000000000
0.0336007807 0.0000000000
0.0284389136 0.0000000000
0.0268478554 0.0000000000
0.0268478554 0.0000000000
0.0336007807 0.0000000000
0.0442691667 0.0000000000
0.0421503806 0.0000000000
0.0336007807 0.0000000000
0.0421503806 0.0000000000
0.0268478554 0.0000000000
0.0336007807 0.0000000000
0.0268478554 0.0000000000
0.0442691667 0.0000000000
0.0491846405 0.0000000000
0.0354626278 0.0000000000
0.0284389136 0.0000000000
0.0268478554 0.0000000000
0.0354626278 0.0000000000
0.0336007807 0.0000000000
0.0268478554 0.0000000000
0.0336007807 0.0000000000
0.0442691667 0.0000000000
0.0421503806 0.0000000000
0.0268478554 0.0000000000
0.0336007807 0.0000000000
0.0336007807 0.0000000000
0.0421503806 0.0000000000
0.0268478554 0.0000000000
0.0442691667 0.0000000000
0.0354626278 0.0000000000
0.0268430534 0.0000000000
0.0268478554 0.0000000000
0.0268478554 0.0000000000
0.0268478554 0.0000000000
0.0268478554 0.0000000000
0.0268430534 0.0000000000
0.0354626278 0.0000000000
0.0421503806 0.0000000000
0.0420796141 0.0000000000
0.0336007807 0.0000000000
0.0442691667 0.0000000000
0.0336007807 0.0000000000
0.0442691667 0.0000000000
0.0354626278 0.0000000000
0.0611452100 0.0000000000
0.0882963325 0.0000000000
0.0491846405 0.0000000000
0.0611452100 0.0000000000
0.0442691667 0.0000000000
0.0491846405 0.0000000000
0.0354626278 0.0000000000
0.0442691667 0.0000000000
0.0421503806 0.0000000000
0.0491846405 0.0000000000
0.0354626278 0.0000000000
0.0354626278 0.0000000000
0.0336007807 0.0000000000
0.0284389136 0.0000000000
0.0268478554 0.0000000000
0.0268478554 0.0000000000
0.0336007807 0.0000000000
0.0611452100 0.0000000000
0.0354626278 0.0000000000
0.0555648243 0.0000000000
0.0421503806 0.0000000000
0.0354626278 0.0000000000
0.0268430534 0.0000000000
0.0421503806 0.0000000000
0.0420796141 0.0000000000
0.0442691667 0.0000000000
0.0336007807 0.0000000000
0.0421503806 0.0000000000
0.0421503806 0.0000000000
0.0268478554 0.0000000000
0.0268478554 0.0000000000
0.0336007807 0.0000000000
0.0442691667 0.0000000000
0.0491846405 0.0000000000
0.0284389136 0.0000000000
0.0354626278 0.0000000000
0.0268478554 0.0000000000
0.0354626278 0.0000000000
0.0268478554 0.0000000000
0.0336007807 0.0000000000
0.0336007807 0.0000000000
0.0354626278 0.0000000000
0.0268478554 0.0000000000
0.0268430534 0.0000000000
0.0268478554 0.0000000000
0.0268478554 0.0000000000
0.0268430534 0.0000000000
0.0268478554 0.0000000000
0.0354626278 0.0000000000
0.0442691667 0.0000000000
0.0268478554 0.0000000000
0.0421503806 0.0000000000
0.0336007807 0.0000000000
0.0336007807 0.0000000000
0.0268478554 0.0000000000
0.0421503806 0.0000000000
0.0442691667 0.0000000000
0.0421503806 0.0000000000
0.0336007807 0.0000000000
0.0420796141 0.0000000000
0.0442691667 0.0000000000
0.0336007807 0.0000000000
0.0354626278 0.0000000000
0.0442691667 0.0000000000
0.0611452100 0.0000000000
0.0611452100 0.0000000000
0.0442691667 0.0000000000
0.0442691667 0.0000000000
0.0420796141 0.0000000000
0.0354626278 0.0000000000
0.0336007807 0.0000000000
0.0336007807 0.0000000000
0.0421503806 0.0000000000
0.0442691667 0.0000000000
0.0421503806 0.0000000000
0.0336007807 0.0000000000
0.0421503806 0.0000000000
0.0268478554 0.0000000000
0.0336007807 0.0000000000
0.0268478554 0.0000000000
0.0442691667 0.0000000000
0.0442691667 0.0000000000
0.0336007807 0.0000000000
0.0421503806 0.0000000000
0.0421503806 0.0000000000
0.0268478554 0.0000000000
0.0268478554 0.0000000000
0.0336007807 0.0000000000
0.0442691667 0.0000000000
0.0420796141 0.0000000000
0.0421503806 0.0000000000
0.0421503806 0.0000000000
0.0555648243 0.0000000000
0.0268430534 0.0000000000
0.0354626278 0.0000000000
0.0354626278 0.0000000000
0.0611452100 0.0000000000
0.0354626278 0.0000000000
0.0268478554 0.0000000000
0.0268478554 0.0000000000
0.0268430534 0.0000000000
0.0268430534 0.0000000000
0.0268478554 0.0000000000
0.0268478554 0.0000000000
0.0354626278 0.0000000000
0.0336007807 0.0000000000
0.0336007807 0.0000000000
0.0268478554 0.0000000000
0.0354626278 0.0000000000
0.0268478554 0.0000000000
0.0354626278 0.0000000000
0.0284389136 0.0000000000
0.0491846405 0.0000000000
0.0336007807 0.0000000000
0.0268478554 0.0000000000
0.0336007807 0.0000000000
0.0354626278 0.0000000000
0.0268478554 0.0000000000
0.0284389136 0.0000000000
0.0354626278 0.0000000000
0.0491846405 0.0000000000
0.0421503806 0.0000000000
0.0442691667 0.0000000000
0.0442691667 0.0000000000
0.0611452100 0.0000000000
0.0354626278 0.0000000000
0.0491846405 0.0000000000
0.0491846405 0.0000000000
0.0882963325 0.0000000000
0.0882963325 0.0000000000
0.0491846405 0.0000000000
0.0491846405 0.0000000000
0.0354626278 0.0000000000
0.0611452100 0.0000000000
0.0442691667 0.0000000000
0.0442691667 0.0000000000
0.0421503806 0.0000000000
0.0491846405 0.0000000000
0.0354626278 0.0000000000
0.0284389136 0.0000000000
0.0268478554 0.0000000000
0.0354626278 0.0000000000
0.0336007807 0.0000000000
0.0268478554 0.0000000000
0.0336007807 0.0000000000
0.0491846405 0.0000000000
0.0284389136 0.0000000000
0.0354626278 0.0000000000
0.0268478554 0.0000000000
0.0354626278 0.0000000000
0.0268478554 0.0000000000
0.0336007807 0.0000000000
0.0336007807 0.0000000000
0.0354626278 0.0000000000
0.0268478554 0.0000000000
0.0268478554 0.0000000000
0.0268430534 0.0000000000
0.0268430534 0.0000000000
0.0268478554 0.0000000000
0.0268478554 0.0000000000
0.0354626278 0.0000000000
0.0611452100 0.0000000000
0.0354626278 0.0000000000
0.0354626278 0.0000000000
0.0268430534 0.0000000000
0.0555648243 0.0000000000
0.0421503806 0.0000000000
0.0421503806 0.0000000000
0.0420796141 0.0000000000
0.0442691667 0.0000000000
0.0336007807 0.0000000000
0.0268478554 0.0000000000
0.0268478554 0.0000000000
0.0421503806 0.0000000000
0.0421503806 0.0000000000
0.0336007807 0.0000000000
0.0442691667 0.0000000000
0.0442691667 0.0000000000
0.0268478554 0.0000000000
0.0336007807 0.0000000000
0.0268478554 0.0000000000
0.0421503806 0.0000000000
0.0336007807 0.0000000000
0.0421503806 0.0000000000
0.0442691667 0.0000000000
0.0421503806 0.0000000000
0.0336007807 0.0000000000
0.0336007807 0.0000000000
0.0354626278 0.0000000000
0.0420796141 0.0000000000
0.0442691667 0.0000000000
0.0442691667 0.0000000000
0.0611452100 0.0000000000
0.0611452100 0.0000000000
0.0442691667 0.0000000000
0.0354626278 0.0000000000
0.0336007807 0.0000000000
0.0442691667 0.0000000000
0.0420796141 0.0000000000
0.0336007807 0.0000000000
0.0421503806 0.0000000000
0.0442691667 0.0000000000
0.0421503806 0.0000000000
0.0268478554 0.0000000000
0.0336007807 0.0000000000
0.0336007807 0.0000000000
0.0421503806 0.0000000000
0.0268478554 0.0000000000
0.0442691667 0.0000000000
0.0354626278 0.0000000000
0.0268478554 0.0000000000
0.0268430534 0.0000000000
0.0268478554 0.0000000000
0.0268478554 0.0000000000
0.0268430534 0.0000000000
0.0268478554 0.0000000000
0.0354626278 0.0000000000
0.0336007807 0.0000000000
0.0336007807 0.0000000000
0.0268478554 0.0000000000
0.0354626278 0.0000000000
0.0268478554 0.0000000000
0.0354626278 0.0000000000
0.0284389136 0.0000000000
0.0491846405 0.0000000000
0.0442691667 0.0000000000
0.0336007807 0.0000000000
0.0268478554 0.0000000000
0.0268478554 0.0000000000
0.0421503806 0.0000000000
0.0421503806 0.0000000000
0.0336007807 0.0000000000
0.0442691667 0.0000000000
0.0420796141 0.0000000000
0.0421503806 0.0000000000
0.0268430534 0.0000000000
0.0354626278 0.0000000000
0.0421503806 0.0000000000
0.0555648243 0.0000000000
0.0354626278 0.0000000000
0.0611452100 0.0000000000
0.0336007807 0.0000000000
0.0268478554 0.0000000000
0.0268478554 0.0000000000
0.0284389136 0.0000000000
0.0336007807 0.0000000000
0.0354626278 0.0000000000
0.0354626278 0.0000000000
0.0491846405 0.0000000000
0.0421503806 0.0000000000
0.0442691667 0.0000000000
0.0354626278 0.0000000000
0.0491846405 0.0000000000
0.0442691667 0.0000000000
0.0611452100 0.0000000000
0.0491846405 0.0000000000
0.0882963325 0.0000000000
0.0611452100 0.0000000000
0.0354626278 0.0000000000
0.0442691667 0.0000000000
0.0336007807 0.0000000000
0.0442691667 0.0000000000
0.0336007807 0.0000000000
0.0420796141 0.0000000000
0.0421503806 0.0000000000
0.0354626278 0.0000000000
0.0268430534 0.0000000000
0.0268478554 0.0000000000
0.0268478554 0.0000000000
0.0268478554 0.0000000000
0.0268478554 0.0000000000
0.0268430534 0.0000000000
0.0354626278 0.0000000000
0.0442691667 0.0000000000
0.0268478554 0.0000000000
0.0421503806 0.0000000000
0.0336007807 0.0000000000
0.0336007807 0.0000000000
0.0268478554 0.0000000000
0.0421503806 0.0000000000
0.0442691667 0.0000000000
0.0336007807 0.0000000000
0.0268478554 0.0000000000
0.0336007807 0.0000000000
0.0354626278 0.0000000000
0.0268478554 0.0000000000
0.0284389136 0.0000000000
0.0354626278 0.0000000000
0.0491846405 0.0000000000
0.0442691667 0.0000000000
0.0268478554 0.0000000000
0.0336007807 0.0000000000
0.0268478554 0.0000000000
0.0421503806 0.0000000000
0.0336007807 0.0000000000
0.0421503806 0.0000000000
0.0442691667 0.0000000000
0.0336007807 0.0000000000
0.0268478554 0.0000000000
0.0268478554 0.0000000000
0.0284389136 0.0000000000
0.0336007807 0.0000000000
0.0354626278 0.0000000000
0.0354626278 0.0000000000
0.0491846405 0.0000000000
0.0420796141 0.0000000000
0.0268430534 0.0000000000
0.0421503806 0.0000000000
0.0354626278 0.0000000000
0.0421503806 0.0000000000
0.0354626278 0.0000000000
0.0555648243 0.0000000000
0.0611452100 0.0000000000
0.0421503806 0.0000000000
0.0354626278 0.0000000000
0.0442691667 0.0000000000
0.0491846405 0.0000000000
0.0442691667 0.0000000000
0.0491846405 0.0000000000
0.0611452100 0.0000000000
0.0882963325 0.0000000000
0.0555648243 0.0000000000
0.0421503806 0.0000000000
0.0421503806 0.0000000000
0.0421503806 0.0000000000
0.0421503806 0.0000000000
0.0421503806 0.0000000000
0.0421503806 0.0000000000
0.0555648243 0.0000000000
0.0421503806 0.0000000000
0.0420796141 0.0000000000
0.0336007807 0.0000000000
0.0442691667 0.0000000000
0.0336007807 0.0000000000
0.0442691667 0.0000000000
0.0354626278 0.0000000000
0.0611452100 0.0000000000
0.0421503806 0.0000000000
0.0336007807 0.0000000000
0.0420796141 0.0000000000
0.0442691667 0.0000000000
0.0336007807 0.0000000000
0.0354626278 0.0000000000
0.0442691667 0.0000000000
0.0611452100 0.0000000000
0.0421503806 0.0000000000
0.0442691667 0.0000000000
0.0442691667 0.0000000000
0.0611452100 0.0000000000
0.0354626278 0.0000000000
0.0491846405 0.0000000000
0.0491846405 0.0000000000
0.0882963325 0.0000000000
0.0421503806 0.0000000000
0.0336007807 0.0000000000
0.0336007807 0.0000000000
0.0354626278 0.0000000000
0.0420796141 0.0000000000
0.0442691667 0.0000000000
0.0442691667 0.0000000000
0.0611452100 0.0000000000
0.0421503806 0.0000000000
0.0442691667 0.0000000000
0.0354626278 0.0000000000
0.0491846405 0.0000000000
0.0442691667 0.0000000000
0.0611452100 0.0000000000
0.0491846405 0.0000000000
0.0882963325 0.0000000000
0.0421503806 0.0000000000
0.0354626278 0.0000000000
0.0442691667 0.0000000000
0.0491846405 0.0000000000
0.0442691667 0.0000000000
0.0491846405 0.0000000000
0.0611452100 0.0000000000
0.0882963325 0.0000000000
0.0555648243 0.0000000000
0.0611452100 0.0000000000
0.0611452100 0.0000000000
0.0882963325 0.0000000000
0.0611452100 0.0000000000
0.0882963325 0.0000000000
0.0882963325 0.0000000000
0.1637552604 0.0000000000
