STATE | system=TFIM_3x3 | J=-1.00 | h=3.00 | nqubits=9 | seed=42
0.2699041762 0.0000000000
0.1120573053 0.0000000000
0.1120573053 0.0000000000
0.0632021349 0.0000000000
0.1120573053 0.0000000000
0.0632021349 0.0000000000
0.0632021349 0.0000000000
0.0513446463 0.0000000000
0.1120573053 0.0000000000
0.0632021349 0.0000000000
0.0487041722 0.0000000000
0.0386518590 0.0000000000
0.0487041722 0.0000000000
0.0386518590 0.0000000000
0.0294505121 0.0000000000
0.0346041710 0.0000000000
0.1120573053 0.0000000000
0.0487041722 0.0000000000
0.0632021349 0.0000000000
0.0386518590 0.0000000000
0.0487041722 0.0000000000
0.0294505121 0.0000000000
0.0386518590 0.0000000000
0.0346041710 0.0000000000
0.0632021349 0.0000000000
0.0386518590 0.0000000000
0.0386518590 0.0000000000
0.0344781975 0.0000000000
0.0294505121 0.0000000000
0.0260355287 0.0000000000
0.0260355287 0.0000000000
0.0346041710 0.0000000000
0.1120573053 0.0000000000
0.0487041722 0.0000000000
0.0487041722 0.0000000000
0.0294505121 0.0000000000
0.0632021349 0.0000000000
0.0386518590 0.0000000000
0.0386518590 0.0000000000
0.0346041710 0.0000000000
0.0632021349 0.0000000000
0.0386518590 0.0000000000
0.0294505121 0.0000000000
0.0260355287 0.0000000000
0.0386518590 0.0000000000
0.0344781975 0.0000000000
0.0260355287 0.0000000000
0.0346041710 0.0000000000
0.0632021349 0.0000000000
0.0294505121 0.0000000000
0.0386518590 0.0000000000
0.0260355287 0.0000000000
0.0386518590 0.0000000000
0.0260355287 0.0000000000
0.0344781975 0.0000000000
0.0346041710 0.0000000000
0.0513446463 0.0000000000
0.0346041710 0.0000000000
0.0346041710 0.0000000000
0.0346041710 0.0000000000
0.0346041710 0.0000000000
0.0346041710 0.0000000000
0.0346041710 0.0000000000
0.0513446463 0.0000000000
0.1120573053 0.0000000000
0.0632021349 0.0000000000
0.0487041722 0.0000000000
0.0386518590 0.0000000000
0.0487041722 0.0000000000
0.0386518590 0.0000000000
0.0294505121 0.0000000000
0.0346041710 0.0000000000
0.0632021349 0.0000000000
0.0513446463 0.0000000000
0.0294505121 0.0000000000
0.0346041710 0.0000000000
0.0294505121 0.0000000000
0.0346041710 0.0000000000
0.0196897851 0.0000000000
0.0344781975 0.0000000000
0.0487041722 0.0000000000
0.0294505121 0.0000000000
0.0294505121 0.0000000000
0.0260355287 0.0000000000
0.0225217382 0.0000000000
0.0197025720 0.0000000000
0.0197025720 0.0000000000
0.0260355287 0.0000000000
0.0386518590 0.0000000000
0.0346041710 0.0000000000
0.0260355287 0.0000000000
0.0346041710 0.0000000000
0.0197025720 0.0000000000
0.0260355287 0.0000000000
0.0197025720 0.0000000000
0.0386518590 0.0000000000
0.0487041722 0.0000000000
0.0294505121 0.0000000000
0.0225217382 0.0000000000
0.0197025720 0.0000000000
0.0294505121 0.0000000000
0.0260355287 0.0000000000
0.0197025720 0.0000000000
0.0260355287 0.0000000000
0.0386518590 0.0000000000
0.0346041710 0.0000000000
0.0197025720 0.0000000000
0.0260355287 0.0000000000
0.0260355287 0.0000000000
0.0346041710 0.0000000000
0.0197025720 0.0000000000
0.0386518590 0.0000000000
0.0294505121 0.0000000000
0.0196897851 0.0000000000
0.0197025720 0.0000000000
0.0197025720 0.0000000000
0.0197025720 0.0000000000
0.0197025720 0.0000000000
0.0196897851 0.0000000000
0.0294505121 0.0000000000
0.0346041710 0.0000000000
0.0344781975 0.0000000000
0.0260355287 0.0000000000
0.0386518590 0.0000000000
0.0260355287 0.0000000000
0.0386518590 0.0000000000
0.0294505121 0.0000000000
0.0632021349 0.0000000000
0.1120573053 0.0000000000
0.0487041722 0.0000000000
0.0632021349 0.0000000000
0.0386518590 0.0000000000
0.0487041722 0.0000000000
0.0294505121 0.0000000000
0.0386518590 0.0000000000
0.0346041710 0.0000000000
0.0487041722 0.0000000000
0.0294505121 0.0000000000
0.0294505121 0.0000000000
0.0260355287 0.0000000000
0.0225217382 0.0000000000
0.0197025720 0.0000000000
0.0197025720 0.0000000000
0.0260355287 0.0000000000
0.0632021349 0.0000000000
0.0294505121 0.0000000000
0.0513446463 0.0000000000
0.0346041710 0.0000000000
0.0294505121 0.0000000000
0.0196897851 0.0000000000
0.0346041710 0.0000000000
0.0344781975 0.0000000000
0.0386518590 0.0000000000
0.0260355287 0.0000000000
0.0346041710 0.0000000000
0.0346041710 0.0000000000
0.0197025720 0.0000000000
0.0197025720 0.0000000000
0.0260355287 0.0000000000
0.0386518590 0.0000000000
0.0487041722 0.0000000000
0.0225217382 0.0000000000
0.0294505121 0.0000000000
0.0197025720 0.0000000000
0.0294505121 0.0000000000
0.0197025720 0.0000000000
0.0260355287 0.0000000000
0.0260355287 0.0000000000
0.0294505121 0.0000000000
0.0197025720 0.0000000000
0.0196897851 0.0000000000
0.0197025720 0.0000000000
0.0197025720 0.0000000000
0.0196897851 0.0000000000
0.0197025720 0.0000000000
0.0294505121 0.0000000000
0.0386518590 0.0000000000
0.0197025720 0.0000000000
0.0346041710 0.0000000000
0.0260355287 0.0000000000
0.0260355287 0.0000000000
0.0197025720 0.0000000000
0.0346041710 0.0000000000
0.0386518590 0.0000000000
0.0346041710 0.0000000000
0.0260355287 0.0000000000
0.0344781975 0.0000000000
0.0386518590 0.0000000000
0.0260355287 0.0000000000
0.0294505121 0.0000000000
0.0386518590 0.0000000000
0.0632021349 0.0000000000
0.0632021349 0.0000000000
0.0386518590 0.0000000000
0.0386518590 0.0000000000
0.0344781975 0.0000000000
0.0294505121 0.0000000000
0.0260355287 0.0000000000
0.0260355287 0.0000000000
0.0346041710 0.0000000000
0.0386518590 0.0000000000
0.0346041710 0.0000000000
0.0260355287 0.0000000000
0.0346041710 0.0000000000
0.0197025720 0.0000000000
0.0260355287 0.0000000000
0.0197025720 0.0000000000
0.0386518590 0.0000000000
0.0386518590 0.0000000000
0.0260355287 0.0000000000
0.0346041710 0.0000000000
0.0346041710 0.0000000000
0.0197025720 0.0000000000
0.0197025720 0.0000000000
0.0260355287 0.0000000000
0.0386518590 0.0000000000
0.0344781975 0.0000000000
0.0346041710 0.0000000000
0.0346041710 0.0000000000
0.0513446463 0.0000000000
0.0196897851 0.0000000000
0.0294505121 0.0000000000
0.0294505121 0.0000000000
0.0632021349 0.0000000000
0.0294505121 0.0000000000
0.0197025720 0.0000000000
0.0197025720 0.0000000000
0.0196897851 0.0000000000
0.0196897851 0.0000000000
0.0197025720 0.0000000000
0.0197025720 0.0000000000
0.0294505121 0.0000000000
0.0260355287 0.0000000000
0.0260355287 0.0000000000
0.0197025720 0.0000000000
0.0294505121 0.0000000000
0.0197025720 0.0000000000
0.0294505121 0.0000000000
0.0225217382 0.0000000000
0.0487041722 0.0000000000
0.0260355287 0.0000000000
0.0197025720 0.0000000000
0.0260355287 0.0000000000
0.0294505121 0.0000000000
0.0197025720 0.0000000000
0.0225217382 0.0000000000
0.0294505121 0.0000000000
0.0487041722 0.0000000000
0.0346041710 0.0000000000
0.0386518590 0.0000000000
0.0386518590 0.0000000000
0.0632021349 0.0000000000
0.0294505121 0.0000000000
0.0487041722 0.0000000000
0.0487041722 0.0000000000
0.1120573053 0.0000000000
0.1120573053 0.0000000000
0.0487041722 0.0000000000
0.0487041722 0.0000000000
0.0294505121 0.0000000000
0.0632021349 0.0000000000
0.0386518590 0.0000000000
0.0386518590 0.0000000000
0.0346041710 0.0000000000
0.0487041722 0.0000000000
0.0294505121 0.0000000000
0.0225217382 0.0000000000
0.0197025720 0.0000000000
0.0294505121 0.0000000000
0.0260355287 0.0000000000
0.0197025720 0.0000000000
0.0260355287 0.0000000000
0.0487041722 0.0000000000
0.0225217382 0.0000000000
0.0294505121 0.0000000000
0.0197025720 0.0000000000
0.0294505121 0.0000000000
0.0197025720 0.0000000000
0.0260355287 0.0000000000
0.0260355287 0.0000000000
0.0294505121 0.0000000000
0.0197025720 0.0000000000
0.0197025720 0.0000000000
0.0196897851 0.0000000000
0.0196897851 0.0000000000
0.0197025720 0.0000000000
0.0197025720 0.0000000000
0.0294505121 0.0000000000
0.0632021349 0.0000000000
0.0294505121 0.0000000000
0.0294505121 0.0000000000
0.0196897851 0.0000000000
0.0513446463 0.0000000000
0.0346041710 0.0000000000
0.0346041710 0.0000000000
0.0344781975 0.0000000000
0.0386518590 0.0000000000
0.0260355287 0.0000000000
0.0197025720 0.0000000000
0.0197025720 0.0000000000
0.0346041710 0.0000000000
0.0346041710 0.0000000000
0.0260355287 0.0000000000
0.0386518590 0.0000000000
0.0386518590 0.0000000000
0.0197025720 0.0000000000
0.0260355287 0.0000000000
0.0197025720 0.0000000000
0.0346041710 0.0000000000
0.0260355287 0.0000000000
0.0346041710 0.0000000000
0.0386518590 0.0000000000
0.0346041710 0.0000000000
0.0260355287 0.0000000000
0.0260355287 0.0000000000
0.0294505121 0.0000000000
0.0344781975 0.0000000000
0.0386518590 0.0000000000
0.0386518590 0.0000000000
0.0632021349 0.0000000000
0.0632021349 0.0000000000
0.0386518590 0.0000000000
0.0294505121 0.0000000000
0.0260355287 0.0000000000
0.0386518590 0.0000000000
0.0344781975 0.0000000000
0.0260355287 0.0000000000
0.0346041710 0.0000000000
0.0386518590 0.0000000000
0.0346041710 0.0000000000
0.0197025720 0.0000000000
0.0260355287 0.0000000000
0.0260355287 0.0000000000
0.0346041710 0.0000000000
0.0197025720 0.0000000000
0.0386518590 0.0000000000
0.0294505121 0.0000000000
0.0197025720 0.0000000000
0.0196897851 0.0000000000
0.0197025720 0.0000000000
0.0197025720 0.0000000000
0.0196897851 0.0000000000
0.0197025720 0.0000000000
0.0294505121 0.0000000000
0.0260355287 0.0000000000
0.0260355287 0.0000000000
0.0197025720 0.0000000000
0.0294505121 0.0000000000
0.0197025720 0.0000000000
0.0294505121 0.0000000000
0.0225217382 0.0000000000
0.0487041722 0.0000000000
0.0386518590 0.0000000000
0.0260355287 0.0000000000
0.0197025720 0.0000000000
0.0197025720 0.0000000000
0.0346041710 0.0000000000
0.0346041710 0.0000000000
0.0260355287 0.0000000000
0.0386518590 0.0000000000
0.0344781975 0.0000000000
0.0346041710 0.0000000000
0.0196897851 0.0000000000
0.0294505121 0.0000000000
0.0346041710 0.0000000000
0.0513446463 0.0000000000
0.0294505121 0.0000000000
0.0632021349 0.0000000000
0.0260355287 0.0000000000
0.0197025720 0.0000000000
0.0197025720 0.0000000000
0.0225217382 0.0000000000
0.0260355287 0.0000000000
0.0294505121 0.0000000000
0.0294505121 0.0000000000
0.0487041722 0.0000000000
0.0346041710 0.0000000000
0.0386518590 0.0000000000
0.0294505121 0.0000000000
0.0487041722 0.0000000000
0.0386518590 0.0000000000
0.0632021349 0.0000000000
0.0487041722 0.0000000000
0.1120573053 0.0000000000
0.0632021349 0.0000000000
0.0294505121 0.0000000000
0.0386518590 0.0000000000
0.0260355287 0.0000000000
0.0386518590 0.0000000000
0.0260355287 0.0000000000
0.0344781975 0.0000000000
0.0346041710 0.0000000000
0.0294505121 0.0000000000
0.0196897851 0.0000000000
0.0197025720 0.0000000000
0.0197025720 0.0000000000
0.0197025720 0.0000000000
0.0197025720 0.0000000000
0.0196897851 0.0000000000
0.0294505121 0.0000000000
0.0386518590 0.0000000000
0.0197025720 0.0000000000
0.0346041710 0.0000000000
0.0260355287 0.0000000000
0.0260355287 0.0000000000
0.0197025720 0.0000000000
0.0346041710 0.0000000000
0.0386518590 0.0000000000
0.0260355287 0.0000000000
0.0197025720 0.0000000000
0.0260355287 0.0000000000
0.0294505121 0.0000000000
0.0197025720 0.0000000000
0.0225217382 0.0000000000
0.0294505121 0.0000000000
0.0487041722 0.0000000000
0.0386518590 0.0000000000
0.0197025720 0.0000000000
0.0260355287 0.0000000000
0.0197025720 0.0000000000
0.0346041710 0.0000000000
0.0260355287 0.0000000000
0.0346041710 0.0000000000
0.0386518590 0.0000000000
0.0260355287 0.0000000000
0.0197025720 0.0000000000
0.0197025720 0.0000000000
0.0225217382 0.0000000000
0.0260355287 0.0000000000
0.0294505121 0.0000000000
0.0294505121 0.0000000000
0.0487041722 0.0000000000
0.0344781975 0.0000000000
0.0196897851 0.0000000000
0.0346041710 0.0000000000
0.0294505121 0.0000000000
0.0346041710 0.0000000000
0.0294505121 0.0000000000
0.0513446463 0.0000000000
0.0632021349 0.0000000000
0.0346041710 0.0000000000
0.0294505121 0.0000000000
0.0386518590 0.0000000000
0.0487041722 0.0000000000
0.0386518590 0.0000000000
0.0487041722 0.0000000000
0.0632021349 0.0000000000
0.1120573053 0.0000000000
0.0513446463 0.0000000000
0.0346041710 0.0000000000
0.0346041710 0.0000000000
0.0346041710 0.0000000000
0.0346041710 0.0000000000
0.0346041710 0.0000000000
0.0346041710 0.0000000000
0.0513446463 0.0000000000
0.0346041710 0.0000000000
0.0344781975 0.0000000000
0.0260355287 0.0000000000
0.0386518590 0.0000000000
0.0260355287 0.0000000000
0.0386518590 0.0000000000
0.0294505121 0.0000000000
0.0632021349 0.0000000000
0.0346041710 0.0000000000
0.0260355287 0.0000000000
0.0344781975 0.0000000000
0.0386518590 0.0000000000
0.0260355287 0.0000000000
0.0294505121 0.0000000000
0.0386518590 0.0000000000
0.0632021349 0.0000000000
0.0346041710 0.0000000000
0.0386518590 0.0000000000
0.0386518590 0.0000000000
0.0632021349 0.0000000000
0.0294505121 0.0000000000
0.0487041722 0.0000000000
0.0487041722 0.0000000000
0.1120573053 0.0000000000
0.0346041710 0.0000000000
0.0260355287 0.0000000000
0.0260355287 0.0000000000
0.0294505121 0.0000000000
0.0344781975 0.0000000000
0.0386518590 0.0000000000
0.0386518590 0.0000000000
0.0632021349 0.0000000000
0.0346041710 0.0000000000
0.0386518590 0.0000000000
0.0294505121 0.0000000000
0.0487041722 0.0000000000
0.0386518590 0.0000000000
0.0632021349 0.0000000000
0.0487041722 0.0000000000
0.1120573053 0.0000000000
0.0346041710 0.0000000000
0.0294505121 0.0000000000
0.0386518590 0.0000000000
0.0487041722 0.0000000000
0.0386518590 0.0000000000
0.0487041722 0.0000000000
0.0632021349 0.0000000000
0.1120573053 0.0000000000
0.0513446463 0.0000000000
0.0632021349 0.0000000000
0.0632021349 0.0000000000
0.1120573053 0.0000000000
0.0632021349 0.0000000000
0.1120573053 0.0000000000
0.1120573053 0.0000000000
0.2699041762 0.0000000000
