STATE | system=TFIM_3x3 | J=-1.00 | h=1.00 | nqubits=9 | seed=42
0.6577126622 0.0000000000
0.0826793640 0.0000000000
0.0826793640 0.0000000000
0.0138815870 0.0000000000
0.0826793640 0.0000000000
0.0138815870 0.0000000000
0.0138815870 0.0000000000
0.0035364625 0.0000000000
0.0826793640 0.0000000000
0.0138815870 0.0000000000
0.0104341475 0.0000000000
0.0024536875 0.0000000000
0.0104341475 0.0000000000
0.0024536875 0.0000000000
0.0017871352 0.0000000000
0.0007989709 0.0000000000
0.0826793640 0.0000000000
0.0104341475 0.0000000000
0.0138815870 0.0000000000
0.0024536875 0.0000000000
0.0104341475 0.0000000000
0.0017871352 0.0000000000
0.0024536875 0.0000000000
0.0007989709 0.0000000000
0.0138815870 0.0000000000
0.0024536875 0.0000000000
0.0024536875 0.0000000000
0.0007814232 0.0000000000
0.0017871352 0.0000000000
0.0005385627 0.0000000000
0.0005385627 0.0000000000
0.0007989709 0.0000000000
0.0826793640 0.0000000000
0.0104341475 0.0000000000
0.0104341475 0.0000000000
0.0017871352 0.0000000000
0.0138815870 0.0000000000
0.0024536875 0.0000000000
0.0024536875 0.0000000000
0.0007989709 0.0000000000
0.0138815870 0.0000000000
0.0024536875 0.0000000000
0.0017871352 0.0000000000
0.0005385627 0.0000000000
0.0024536875 0.0000000000
0.0007814232 0.0000000000
0.0005385627 0.0000000000
0.0007989709 0.0000000000
0.0138815870 0.0000000000
0.0017871352 0.0000000000
0.0024536875 0.0000000000
0.0005385627 0.0000000000
0.0024536875 0.0000000000
0.0005385627 0.0000000000
0.0007814232 0.0000000000
0.0007989709 0.0000000000
0.0035364625 0.0000000000
0.0007989709 0.0000000000
0.0007989709 0.0000000000
0.0007989709 0.0000000000
0.0007989709 0.0000000000
0.0007989709 0.0000000000
0.0007989709 0.0000000000
0.0035364625 0.0000000000
0.0826793640 0.0000000000
0.0138815870 0.0000000000
0.0104341475 0.0000000000
0.0024536875 0.0000000000
0.0104341475 0.0000000000
0.0024536875 0.0000000000
0.0017871352 0.0000000000
0.0007989709 0.0000000000
0.0138815870 0.0000000000
0.0035364625 0.0000000000
0.0017871352 0.0000000000
0.0007989709 0.0000000000
0.0017871352 0.0000000000
0.0007989709 0.0000000000
0.0003762150 0.0000000000
0.0007814232 0.0000000000
0.0104341475 0.0000000000
0.0017871352 0.0000000000
0.0017871352 0.0000000000
0.0005385627 0.0000000000
0.0013365644 0.0000000000
0.0003812080 0.0000000000
0.0003812080 0.0000000000
0.0005385627 0.0000000000
0.0024536875 0.0000000000
0.0007989709 0.0000000000
0.0005385627 0.0000000000
0.0007989709 0.0000000000
0.0003812080 0.0000000000
0.0005385627 0.0000000000
0.0003812080 0.0000000000
0.0024536875 0.0000000000
0.0104341475 0.0000000000
0.0017871352 0.0000000000
0.0013365644 0.0000000000
0.0003812080 0.0000000000
0.0017871352 0.0000000000
0.0005385627 0.0000000000
0.0003812080 0.0000000000
0.0005385627 0.0000000000
0.0024536875 0.0000000000
0.0007989709 0.0000000000
0.0003812080 0.0000000000
0.0005385627 0.0000000000
0.0005385627 0.0000000000
0.0007989709 0.0000000000
0.0003812080 0.0000000000
0.0024536875 0.0000000000
0.0017871352 0.0000000000
0.0003762150 0.0000000000
0.0003812080 0.0000000000
0.0003812080 0.0000000000
0.0003812080 0.0000000000
0.0003812080 0.0000000000
0.0003762150 0.0000000000
0.0017871352 0.0000000000
0.0007989709 0.0000000000
0.0007814232 0.0000000000
0.0005385627 0.0000000000
0.0024536875 0.0000000000
0.0005385627 0.0000000000
0.0024536875 0.0000000000
0.0017871352 0.0000000000
0.0138815870 0.0000000000
0.0826793640 0.0000000000
0.0104341475 0.0000000000
0.0138815870 0.0000000000
0.0024536875 0.0000000000
0.0104341475 0.0000000000
0.0017871352 0.0000000000
0.0024536875 0.0000000000
0.0007989709 0.0000000000
0.0104341475 0.0000000000
0.0017871352 0.0000000000
0.0017871352 0.0000000000
0.0005385627 0.0000000000
0.0013365644 0.0000000000
0.0003812080 0.0000000000
0.0003812080 0.0000000000
0.0005385627 0.0000000000
0.0138815870 0.0000000000
0.0017871352 0.0000000000
0.0035364625 0.0000000000
0.0007989709 0.0000000000
0.0017871352 0.0000000000
0.0003762150 0.0000000000
0.0007989709 0.0000000000
0.0007814232 0.0000000000
0.0024536875 0.0000000000
0.0005385627 0.0000000000
0.0007989709 0.0000000000
0.0007989709 0.0000000000
0.0003812080 0.0000000000
0.0003812080 0.0000000000
0.0005385627 0.0000000000
0.0024536875 0.0000000000
0.0104341475 0.0000000000
0.0013365644 0.0000000000
0.0017871352 0.0000000000
0.0003812080 0.0000000000
0.0017871352 0.0000000000
0.0003812080 0.0000000000
0.0005385627 0.0000000000
0.0005385627 0.0000000000
0.0017871352 0.0000000000
0.0003812080 0.0000000000
0.0003762150 0.0000000000
0.0003812080 0.0000000000
0.0003812080 0.0000000000
0.0003762150 0.0000000000
0.0003812080 0.0000000000
0.0017871352 0.0000000000
0.0024536875 0.0000000000
0.0003812080 0.0000000000
0.0007989709 0.0000000000
0.0005385627 0.0000000000
0.0005385627 0.0000000000
0.0003812080 0.0000000000
0.0007989709 0.0000000000
0.0024536875 0.0000000000
0.0007989709 0.0000000000
0.0005385627 0.0000000000
0.0007814232 0.0000000000
0.0024536875 0.0000000000
0.0005385627 0.0000000000
0.0017871352 0.0000000000
0.0024536875 0.0000000000
0.0138815870 0.0000000000
0.0138815870 0.0000000000
0.0024536875 0.0000000000
0.0024536875 0.0000000000
0.0007814232 0.0000000000
0.0017871352 0.0000000000
0.0005385627 0.0000000000
0.0005385627 0.0000000000
0.0007989709 0.0000000000
0.0024536875 0.0000000000
0.0007989709 0.0000000000
0.0005385627 0.0000000000
0.0007989709 0.0000000000
0.0003812080 0.0000000000
0.0005385627 0.0000000000
0.0003812080 0.0000000000
0.0024536875 0.0000000000
0.0024536875 0.0000000000
0.0005385627 0.0000000000
0.0007989709 0.0000000000
0.0007989709 0.0000000000
0.0003812080 0.0000000000
0.0003812080 0.0000000000
0.0005385627 0.0000000000
0.0024536875 0.0000000000
0.0007814232 0.0000000000
0.0007989709 0.0000000000
0.0007989709 0.0000000000
0.0035364625 0.0000000000
0.0003762150 0.0000000000
0.0017871352 0.0000000000
0.0017871352 0.0000000000
0.0138815870 0.0000000000
0.0017871352 0.0000000000
0.0003812080 0.0000000000
0.0003812080 0.0000000000
0.0003762150 0.0000000000
0.0003762150 0.0000000000
0.0003812080 0.0000000000
0.0003812080 0.0000000000
0.0017871352 0.0000000000
0.0005385627 0.0000000000
0.0005385627 0.0000000000
0.0003812080 0.0000000000
0.0017871352 0.0000000000
0.0003812080 0.0000000000
0.0017871352 0.0000000000
0.0013365644 0.0000000000
0.0104341475 0.0000000000
0.0005385627 0.0000000000
0.0003812080 0.0000000000
0.0005385627 0.0000000000
0.0017871352 0.0000000000
0.0003812080 0.0000000000
0.0013365644 0.0000000000
0.0017871352 0.0000000000
0.0104341475 0.0000000000
0.0007989709 0.0000000000
0.0024536875 0.0000000000
0.0024536875 0.0000000000
0.0138815870 0.0000000000
0.0017871352 0.0000000000
0.0104341475 0.0000000000
0.0104341475 0.0000000000
0.0826793640 0.0000000000
0.0826793640 0.0000000000
0.0104341475 0.0000000000
0.0104341475 0.0000000000
0.0017871352 0.0000000000
0.0138815870 0.0000000000
0.0024536875 0.0000000000
0.0024536875 0.0000000000
0.0007989709 0.0000000000
0.0104341475 0.0000000000
0.0017871352 0.0000000000
0.0013365644 0.0000000000
0.0003812080 0.0000000000
0.0017871352 0.0000000000
0.0005385627 0.0000000000
0.0003812080 0.0000000000
0.0005385627 0.0000000000
0.0104341475 0.0000000000
0.0013365644 0.0000000000
0.0017871352 0.0000000000
0.0003812080 0.0000000000
0.0017871352 0.0000000000
0.0003812080 0.0000000000
0.0005385627 0.0000000000
0.0005385627 0.0000000000
0.0017871352 0.0000000000
0.0003812080 0.0000000000
0.0003812080 0.0000000000
0.0003762150 0.0000000000
0.0003762150 0.0000000000
0.0003812080 0.0000000000
0.0003812080 0.0000000000
0.0017871352 0.0000000000
0.0138815870 0.0000000000
0.0017871352 0.0000000000
0.0017871352 0.0000000000
0.0003762150 0.0000000000
0.0035364625 0.0000000000
0.0007989709 0.0000000000
0.0007989709 0.0000000000
0.0007814232 0.0000000000
0.0024536875 0.0000000000
0.0005385627 0.0000000000
0.0003812080 0.0000000000
0.0003812080 0.0000000000
0.0007989709 0.0000000000
0.0007989709 0.0000000000
0.0005385627 0.0000000000
0.0024536875 0.0000000000
0.0024536875 0.0000000000
0.0003812080 0.0000000000
0.0005385627 0.0000000000
0.0003812080 0.0000000000
0.0007989709 0.0000000000
0.0005385627 0.0000000000
0.0007989709 0.0000000000
0.0024536875 0.0000000000
0.0007989709 0.0000000000
0.0005385627 0.0000000000
0.0005385627 0.0000000000
0.0017871352 0.0000000000
0.0007814232 0.0000000000
0.0024536875 0.0000000000
0.0024536875 0.0000000000
0.0138815870 0.0000000000
0.0138815870 0.0000000000
0.0024536875 0.0000000000
0.0017871352 0.0000000000
0.0005385627 0.0000000000
0.0024536875 0.0000000000
0.0007814232 0.0000000000
0.0005385627 0.0000000000
0.0007989709 0.0000000000
0.0024536875 0.0000000000
0.0007989709 0.0000000000
0.0003812080 0.0000000000
0.0005385627 0.0000000000
0.0005385627 0.0000000000
0.0007989709 0.0000000000
0.0003812080 0.0000000000
0.0024536875 0.0000000000
0.0017871352 0.0000000000
0.0003812080 0.0000000000
0.0003762150 0.0000000000
0.0003812080 0.0000000000
0.0003812080 0.0000000000
0.0003762150 0.0000000000
0.0003812080 0.0000000000
0.0017871352 0.0000000000
0.0005385627 0.0000000000
0.0005385627 0.0000000000
0.0003812080 0.0000000000
0.0017871352 0.0000000000
0.0003812080 0.0000000000
0.0017871352 0.0000000000
0.0013365644 0.0000000000
0.0104341475 0.0000000000
0.0024536875 0.0000000000
0.0005385627 0.0000000000
0.0003812080 0.0000000000
0.0003812080 0.0000000000
0.0007989709 0.0000000000
0.0007989709 0.0000000000
0.0005385627 0.0000000000
0.0024536875 0.0000000000
0.0007814232 0.0000000000
0.0007989709 0.0000000000
0.0003762150 0.0000000000
0.0017871352 0.0000000000
0.0007989709 0.0000000000
0.0035364625 0.0000000000
0.0017871352 0.0000000000
0.0138815870 0.0000000000
0.0005385627 0.0000000000
0.0003812080 0.0000000000
0.0003812080 0.0000000000
0.0013365644 0.0000000000
0.0005385627 0.0000000000
0.0017871352 0.0000000000
0.0017871352 0.0000000000
0.0104341475 0.0000000000
0.0007989709 0.0000000000
0.0024536875 0.0000000000
0.0017871352 0.0000000000
0.0104341475 0.0000000000
0.0024536875 0.0000000000
0.0138815870 0.0000000000
0.0104341475 0.0000000000
0.0826793640 0.0000000000
0.0138815870 0.0000000000
0.0017871352 0.0000000000
0.0024536875 0.0000000000
0.0005385627 0.0000000000
0.0024536875 0.0000000000
0.0005385627 0.0000000000
0.0007814232 0.0000000000
0.0007989709 0.0000000000
0.0017871352 0.0000000000
0.0003762150 0.0000000000
0.0003812080 0.0000000000
0.0003812080 0.0000000000
0.0003812080 0.0000000000
0.0003812080 0.0000000000
0.0003762150 0.0000000000
0.0017871352 0.0000000000
0.0024536875 0.0000000000
0.0003812080 0.0000000000
0.0007989709 0.0000000000
0.0005385627 0.0000000000
0.0005385627 0.0000000000
0.0003812080 0.0000000000
0.0007989709 0.0000000000
0.0024536875 0.0000000000
0.0005385627 0.0000000000
0.0003812080 0.0000000000
0.0005385627 0.0000000000
0.0017871352 0.0000000000
0.0003812080 0.0000000000
0.0013365644 0.0000000000
0.0017871352 0.0000000000
0.0104341475 0.0000000000
0.0024536875 0.0000000000
0.0003812080 0.0000000000
0.0005385627 0.0000000000
0.0003812080 0.0000000000
0.0007989709 0.0000000000
0.0005385627 0.0000000000
0.0007989709 0.0000000000
0.0024536875 0.0000000000
0.0005385627 0.0000000000
0.0003812080 0.0000000000
0.0003812080 0.0000000000
0.0013365644 0.0000000000
0.0005385627 0.0000000000
0.0017871352 0.0000000000
0.0017871352 0.0000000000
0.0104341475 0.0000000000
0.0007814232 0.0000000000
0.0003762150 0.0000000000
0.0007989709 0.0000000000
0.0017871352 0.0000000000
0.0007989709 0.0000000000
0.0017871352 0.0000000000
0.0035364625 0.0000000000
0.0138815870 0.0000000000
0.0007989709 0.0000000000
0.0017871352 0.0000000000
0.0024536875 0.0000000000
0.0104341475 0.0000000000
0.0024536875 0.0000000000
0.0104341475 0.0000000000
0.0138815870 0.0000000000
0.0826793640 0.0000000000
0.0035364625 0.0000000000
0.0007989709 0.0000000000
0.0007989709 0.0000000000
0.0007989709 0.0000000000
0.0007989709 0.0000000000
0.0007989709 0.0000000000
0.0007989709 0.0000000000
0.0035364625 0.0000000000
0.0007989709 0.0000000000
0.0007814232 0.0000000000
0.0005385627 0.0000000000
0.0024536875 0.0000000000
0.0005385627 0.0000000000
0.0024536875 0.0000000000
0.0017871352 0.0000000000
0.0138815870 0.0000000000
0.0007989709 0.0000000000
0.0005385627 0.0000000000
0.0007814232 0.0000000000
0.0024536875 0.0000000000
0.0005385627 0.0000000000
0.0017871352 0.0000000000
0.0024536875 0.0000000000
0.0138815870 0.0000000000
0.0007989709 0.0000000000
0.0024536875 0.0000000000
0.0024536875 0.0000000000
0.0138815870 0.0000000000
0.0017871352 0.0000000000
0.0104341475 0.0000000000
0.0104341475 0.0000000000
0.0826793640 0.0000000000
0.0007989709 0.0000000000
0.0005385627 0.0000000000
0.0005385627 0.0000000000
0.0017871352 0.0000000000
0.0007814232 0.0000000000
0.0024536875 0.0000000000
0.0024536875 0.0000000000
0.0138815870 0.0000000000
0.0007989709 0.0000000000
0.0024536875 0.0000000000
0.0017871352 0.0000000000
0.0104341475 0.0000000000
0.0024536875 0.0000000000
0.0138815870 0.0000000000
0.0104341475 0.0000000000
0.0826793640 0.0000000000
0.0007989709 0.0000000000
0.0017871352 0.0000000000
0.0024536875 0.0000000000
0.0104341475 0.0000000000
0.0024536875 0.0000000000
0.0104341475 0.0000000000
0.0138815870 0.0000000000
0.0826793640 0.0000000000
0.0035364625 0.0000000000
0.0138815870 0.0000000000
0.0138815870 0.0000000000
0.0826793640 0.0000000000
0.0138815870 0.0000000000
0.0826793640 0.0000000000
0.0826793640 0.0000000000
0.6577126621 0.0000000000
