STATE | system=TFIM_3x3 | J=-1.00 | h=6.00 | nqubits=9 | seed=42
-0.1010359372 0.0000000000
-0.0689379519 0.0000000000
-0.0689379519 0.0000000000
-0.0557904867 0.0000000000
-0.0689379519 0.0000000000
-0.0557904867 0.0000000000
-0.0557904867 0.0000000000
-0.0538301410 0.0000000000
-0.0689379519 0.0000000000
-0.0557904867 0.0000000000
-0.0477634043 0.0000000000
-0.0459627353 0.0000000000
-0.0477634043 0.0000000000
-0.0459627353 0.0000000000
-0.0393111274 0.0000000000
-0.0451414994 0.0000000000
-0.0689379519 0.0000000000
-0.0477634043 0.0000000000
-0.0557904867 0.0000000000
-0.0459627353 0.0000000000
-0.0477634043 0.0000000000
-0.0393111274 0.0000000000
-0.0459627353 0.0000000000
-0.0451414994 0.0000000000
-0.0557904867 0.0000000000
-0.0459627353 0.0000000000
-0.0459627353 0.0000000000
-0.0451175428 0.0000000000
-0.0393111274 0.0000000000
-0.0385575041 0.0000000000
-0.0385575041 0.0000000000
-0.0451414994 0.0000000000
-0.0689379519 0.0000000000
-0.0477634043 0.0000000000
-0.0477634043 0.0000000000
-0.0393111274 0.0000000000
-0.0557904867 0.0000000000
-0.0459627353 0.0000000000
-0.0459627353 0.0000000000
-0.0451414994 0.0000000000
-0.0557904867 0.0000000000
-0.0459627353 0.0000000000
-0.0393111274 0.0000000000
-0.0385575041 0.0000000000
-0.0459627353 0.0000000000
-0.0451175428 0.0000000000
-0.0385575041 0.0000000000
-0.0451414994 0.0000000000
-0.0557904867 0.0000000000
-0.0393111274 0.0000000000
-0.0459627353 0.0000000000
-0.0385575041 0.0000000000
-0.0459627353 0.0000000000
-0.0385575041 0.0000000000
-0.0451175428 0.0000000000
-0.0451414994 0.0000000000
-0.0538301410 0.0000000000
-0.0451414994 0.0000000000
-0.0451414994 0.0000000000
-0.0451414994 0.0000000000
-0.0451414994 0.0000000000
-0.0451414994 0.0000000000
-0.0451414994 0.0000000000
-0.0538301410 0.0000000000
-0.0689379519 0.0000000000
-0.0557904867 0.0000000000
-0.0477634043 0.0000000000
-0.0459627353 0.0000000000
-0.0477634043 0.0000000000
-0.0459627353 0.0000000000
-0.0393111274 0.0000000000
-0.0451414994 0.0000000000
-0.0557904867 0.0000000000
-0.0538301410 0.0000000000
-0.0393111274 0.0000000000
-0.0451414994 0.0000000000
-0.0393111274 0.0000000000
-0.0451414994 0.0000000000
-0.0329543529 0.0000000000
-0.0451175428 0.0000000000
-0.0477634043 0.0000000000
-0.0393111274 0.0000000000
-0.0393111274 0.0000000000
-0.0385575041 0.0000000000
-0.0336287474 0.0000000000
-0.0329553694 0.0000000000
-0.0329553694 0.0000000000
-0.0385575041 0.0000000000
-0.0459627353 0.0000000000
-0.0451414994 0.0000000000
-0.0385575041 0.0000000000
-0.0451414994 0.0000000000
-0.0329553694 0.0000000000
-0.0385575041 0.0000000000
-0.0329553694 0.0000000000
-0.0459627353 0.0000000000
-0.0477634043 0.0000000000
-0.0393111274 0.0000000000
-0.0336287474 0.0000000000
-0.0329553694 0.0000000000
-0.0393111274 0.0000000000
-0.0385575041 0.0000000000
-0.0329553694 0.0000000000
-0.0385575041 0.0000000000
-0.0459627353 0.0000000000
-0.0451414994 0.0000000000
-0.0329553694 0.0000000000
-0.0385575041 0.0000000000
-0.0385575041 0.0000000000
-0.0451414994 0.0000000000
-0.0329553694 0.0000000000
-0.0459627353 0.0000000000
-0.0393111274 0.0000000000
-0.0329543529 0.0000000000
-0.0329553694 0.0000000000
-0.0329553694 0.0000000000
-0.0329553694 0.0000000000
-0.0329553694 0.0000000000
-0.0329543529 0.0000000000
-0.0393111274 0.0000000000
-0.0451414994 0.0000000000
-0.0451175428 0.0000000000
-0.0385575041 0.0000000000
-0.0459627353 0.0000000000
-0.0385575041 0.0000000000
-0.0459627353 0.0000000000
-0.0393111274 0.0000000000
-0.0557904867 0.0000000000
-0.0689379519 0.0000000000
-0.0477634043 0.0000000000
-0.0557904867 0.0000000000
-0.0459627353 0.0000000000
-0.0477634043 0.0000000000
-0.0393111274 0.0000000000
-0.0459627353 0.0000000000
-0.0451414994 0.0000000000
-0.0477634043 0.0000000000
-0.0393111274 0.0000000000
-0.0393111274 0.0000000000
-0.0385575041 0.0000000000
-0.0336287474 0.0000000000
-0.0329553694 0.0000000000
-0.0329553694 0.0000000000
-0.0385575041 0.0000000000
-0.0557904867 0.0000000000
-0.0393111274 0.0000000000
-0.0538301410 0.0000000000
-0.0451414994 0.0000000000
-0.0393111274 0.0000000000
-0.0329543529 0.0000000000
-0.0451414994 0.0000000000
-0.0451175428 0.0000000000
-0.0459627353 0.0000000000
-0.0385575041 0.0000000000
-0.0451414994 0.0000000000
-0.0451414994 0.0000000000
-0.0329553694 0.0000000000
-0.0329553694 0.0000000000
-0.0385575041 0.0000000000
-0.0459627353 0.0000000000
-0.0477634043 0.0000000000
-0.0336287474 0.0000000000
-0.0393111274 0.0000000000
-0.0329553694 0.0000000000
-0.0393111274 0.0000000000
-0.0329553694 0.0000000000
-0.0385575041 0.0000000000
-0.0385575041 0.0000000000
-0.0393111274 0.0000000000
-0.0329553694 0.0000000000
-0.0329543529 0.0000000000
-0.0329553694 0.0000000000
-0.0329553694 0.0000000000
-0.0329543529 0.0000000000
-0.0329553694 0.0000000000
-0.0393111274 0.0000000000
-0.0459627353 0.0000000000
-0.0329553694 0.0000000000
-0.0451414994 0.0000000000
-0.0385575041 0.0000000000
-0.0385575041 0.0000000000
-0.0329553694 0.0000000000
-0.0451414994 0.0000000000
-0.0459627353 0.0000000000
-0.0451414994 0.0000000000
-0.0385575041 0.0000000000
-0.0451175428 0.0000000000
-0.0459627353 0.0000000000
-0.0385575041 0.0000000000
-0.0393111274 0.0000000000
-0.0459627353 0.0000000000
-0.0557904867 0.0000000000
-0.0557904867 0.0000000000
-0.0459627353 0.0000000000
-0.0459627353 0.0000000000
-0.0451175428 0.0000000000
-0.0393111274 0.0000000000
-0.0385575041 0.0000000000
-0.0385575041 0.0000000000
-0.0451414994 0.0000000000
-0.0459627353 0.0000000000
-0.0451414994 0.0000000000
-0.0385575041 0.0000000000
-0.0451414994 0.0000000000
-0.0329553694 0.0000000000
-0.0385575041 0.0000000000
-0.0329553694 0.0000000000
-0.0459627353 0.0000000000
-0.0459627353 0.0000000000
-0.0385575041 0.0000000000
-0.0451414994 0.0000000000
-0.0451414994 0.0000000000
-0.0329553694 0.0000000000
-0.0329553694 0.0000000000
-0.0385575041 0.0000000000
-0.0459627353 0.0000000000
-0.0451175428 0.0000000000
-0.0451414994 0.0000000000
-0.0451414994 0.0000000000
-0.0538301410 0.0000000000
-0.0329543529 0.0000000000
-0.0393111274 0.0000000000
-0.0393111274 0.0000000000
-0.0557904867 0.0000000000
-0.0393111274 0.0000000000
-0.0329553694 0.0000000000
-0.0329553694 0.0000000000
-0.0329543529 0.0000000000
-0.0329543529 0.0000000000
-0.0329553694 0.0000000000
-0.0329553694 0.0000000000
-0.0393111274 0.0000000000
-0.0385575041 0.0000000000
-0.0385575041 0.0000000000
-0.0329553694 0.0000000000
-0.0393111274 0.0000000000
-0.0329553694 0.0000000000
-0.0393111274 0.0000000000
-0.0336287474 0.0000000000
-0.0477634043 0.0000000000
-0.0385575041 0.0000000000
-0.0329553694 0.0000000000
-0.0385575041 0.0000000000
-0.0393111274 0.0000000000
-0.0329553694 0.0000000000
-0.0336287474 0.0000000000
-0.0393111274 0.0000000000
-0.0477634043 0.0000000000
-0.0451414994 0.0000000000
-0.0459627353 0.0000000000
-0.0459627353 0.0000000000
-0.0557904867 0.0000000000
-0.0393111274 0.0000000000
-0.0477634043 0.0000000000
-0.0477634043 0.0000000000
-0.0689379519 0.0000000000
-0.0689379519 0.0000000000
-0.0477634043 0.0000000000
-0.0477634043 0.0000000000
-0.0393111274 0.0000000000
-0.0557904867 0.0000000000
-0.0459627353 0.0000000000
-0.0459627353 0.0000000000
-0.0451414994 0.0000000000
-0.0477634043 0.0000000000
-0.0393111274 0.0000000000
-0.0336287474 0.0000000000
-0.0329553694 0.0000000000
-0.0393111274 0.0000000000
-0.0385575041 0.0000000000
-0.0329553694 0.0000000000
-0.0385575041 0.0000000000
-0.0477634043 0.0000000000
-0.0336287474 0.0000000000
-0.0393111274 0.0000000000
-0.0329553694 0.0000000000
-0.0393111274 0.0000000000
-0.0329553694 0.0000000000
-0.0385575041 0.0000000000
-0.0385575041 0.0000000000
-0.0393111274 0.0000000000
-0.0329553694 0.0000000000
-0.0329553694 0.0000000000
-0.0329543529 0.0000000000
-0.0329543529 0.0000000000
-0.0329553694 0.0000000000
-0.0329553694 0.0000000000
-0.0393111274 0.0000000000
-0.0557904867 0.0000000000
-0.0393111274 0.0000000000
-0.0393111274 0.0000000000
-0.0329543529 0.0000000000
-0.0538301410 0.0000000000
-0.0451414994 0.0000000000
-0.0451414994 0.0000000000
-0.0451175428 0.0000000000
-0.0459627353 0.0000000000
-0.0385575041 0.0000000000
-0.0329553694 0.0000000000
-0.0329553694 0.0000000000
-0.0451414994 0.0000000000
-0.0451414994 0.0000000000
-0.0385575041 0.0000000000
-0.0459627353 0.0000000000
-0.0459627353 0.0000000000
-0.0329553694 0.0000000000
-0.0385575041 0.0000000000
-0.0329553694 0.0000000000
-0.0451414994 0.0000000000
-0.0385575041 0.0000000000
-0.0451414994 0.0000000000
-0.0459627353 0.0000000000
-0.0451414994 0.0000000000
-0.0385575041 0.0000000000
-0.0385575041 0.0000000000
-0.0393111274 0.0000000000
-0.0451175428 0.0000000000
-0.0459627353 0.0000000000
-0.0459627353 0.0000000000
-0.0557904867 0.0000000000
-0.0557904867 0.0000000000
-0.0459627353 0.0000000000
-0.0393111274 0.0000000000
-0.0385575041 0.0000000000
-0.0459627353 0.0000000000
-0.0451175428 0.0000000000
-0.0385575041 0.0000000000
-0.0451414994 0.0000000000
-0.0459627353 0.0000000000
-0.0451414994 0.0000000000
-0.0329553694 0.0000000000
-0.0385575041 0.0000000000
-0.0385575041 0.0000000000
-0.0451414994 0.0000000000
-0.0329553694 0.0000000000
-0.0459627353 0.0000000000
-0.0393111274 0.0000000000
-0.0329553694 0.0000000000
-0.0329543529 0.0000000000
-0.0329553694 0.0000000000
-0.0329553694 0.0000000000
-0.0329543529 0.0000000000
-0.0329553694 0.0000000000
-0.0393111274 0.0000000000
-0.0385575041 0.0000000000
-0.0385575041 0.0000000000
-0.0329553694 0.0000000000
-0.0393111274 0.0000000000
-0.0329553694 0.0000000000
-0.0393111274 0.0000000000
-0.0336287474 0.0000000000
-0.0477634043 0.0000000000
-0.0459627353 0.0000000000
-0.0385575041 0.0000000000
-0.0329553694 0.0000000000
-0.0329553694 0.0000000000
-0.0451414994 0.0000000000
-0.0451414994 0.0000000000
-0.0385575041 0.0000000000
-0.0459627353 0.0000000000
-0.0451175428 0.0000000000
-0.0451414994 0.0000000000
-0.0329543529 0.0000000000
-0.0393111274 0.0000000000
-0.0451414994 0.0000000000
-0.0538301410 0.0000000000
-0.0393111274 0.0000000000
-0.0557904867 0.0000000000
-0.0385575041 0.0000000000
-0.0329553694 0.0000000000
-0.0329553694 0.0000000000
-0.0336287474 0.0000000000
-0.0385575041 0.0000000000
-0.0393111274 0.0000000000
-0.0393111274 0.0000000000
-0.0477634043 0.0000000000
-0.0451414994 0.0000000000
-0.0459627353 0.0000000000
-0.0393111274 0.0000000000
-0.0477634043 0.0000000000
-0.0459627353 0.0000000000
-0.0557904867 0.0000000000
-0.0477634043 0.0000000000
-0.0689379519 0.0000000000
-0.0557904867 0.0000000000
-0.0393111274 0.0000000000
-0.0459627353 0.0000000000
-0.0385575041 0.0000000000
-0.0459627353 0.0000000000
-0.0385575041 0.0000000000
-0.0451175428 0.0000000000
-0.0451414994 0.0000000000
-0.0393111274 0.0000000000
-0.0329543529 0.0000000000
-0.0329553694 0.0000000000
-0.0329553694 0.0000000000
-0.0329553694 0.0000000000
-0.0329553694 0.0000000000
-0.0329543529 0.0000000000
-0.0393111274 0.0000000000
-0.0459627353 0.0000000000
-0.0329553694 0.0000000000
-0.0451414994 0.0000000000
-0.0385575041 0.0000000000
-0.0385575041 0.0000000000
-0.0329553694 0.0000000000
-0.0451414994 0.0000000000
-0.0459627353 0.0000000000
-0.0385575041 0.0000000000
-0.0329553694 0.0000000000
-0.0385575041 0.0000000000
-0.0393111274 0.0000000000
-0.0329553694 0.0000000000
-0.0336287474 0.0000000000
-0.0393111274 0.0000000000
-0.0477634043 0.0000000000
-0.0459627353 0.0000000000
-0.0329553694 0.0000000000
-0.0385575041 0.0000000000
-0.0329553694 0.0000000000
-0.0451414994 0.0000000000
-0.0385575041 0.0000000000
-0.0451414994 0.0000000000
-0.0459627353 0.0000000000
-0.0385575041 0.0000000000
-0.0329553694 0.0000000000
-0.0329553694 0.0000000000
-0.0336287474 0.0000000000
-0.0385575041 0.0000000000
-0.0393111274 0.0000000000
-0.0393111274 0.0000000000
-0.0477634043 0.0000000000
-0.0451175428 0.0000000000
-0.0329543529 0.0000000000
-0.0451414994 0.0000000000
-0.0393111274 0.0000000000
-0.0451414994 0.0000000000
-0.0393111274 0.0000000000
-0.0538301410 0.0000000000
-0.0557904867 0.0000000000
-0.0451414994 0.0000000000
-0.0393111274 0.0000000000
-0.0459627353 0.0000000000
-0.0477634043 0.0000000000
-0.0459627353 0.0000000000
-0.0477634043 0.0000000000
-0.0557904867 0.0000000000
-0.0689379519 0.0000000000
-0.0538301410 0.0000000000
-0.0451414994 0.0000000000
-0.0451414994 0.0000000000
-0.0451414994 0.0000000000
-0.0451414994 0.0000000000
-0.0451414994 0.0000000000
-0.0451414994 0.0000000000
-0.0538301410 0.0000000000
-0.0451414994 0.0000000000
-0.0451175428 0.0000000000
-0.0385575041 0.0000000000
-0.0459627353 0.0000000000
-0.0385575041 0.0000000000
-0.0459627353 0.0000000000
-0.0393111274 0.0000000000
-0.0557904867 0.0000000000
-0.0451414994 0.0000000000
-0.0385575041 0.0000000000
-0.0451175428 0.0000000000
-0.0459627353 0.0000000000
-0.0385575041 0.0000000000
-0.0393111274 0.0000000000
-0.0459627353 0.0000000000
-0.0557904867 0.0000000000
-0.0451414994 0.0000000000
-0.0459627353 0.0000000000
-0.0459627353 0.0000000000
-0.0557904867 0.0000000000
-0.0393111274 0.0000000000
-0.0477634043 0.0000000000
-0.0477634043 0.0000000000
-0.0689379519 0.0000000000
-0.0451414994 0.0000000000
-0.0385575041 0.0000000000
-0.0385575041 0.0000000000
-0.0393111274 0.0000000000
-0.0451175428 0.0000000000
-0.0459627353 0.0000000000
-0.0459627353 0.0000000000
-0.0557904867 0.0000000000
-0.0451414994 0.0000000000
-0.0459627353 0.0000000000
-0.0393111274 0.0000000000
-0.0477634043 0.0000000000
-0.0459627353 0.0000000000
-0.0557904867 0.0000000000
-0.0477634043 0.0000000000
-0.0689379519 0.0000000000
-0.0451414994 0.0000000000
-0.0393111274 0.0000000000
-0.0459627353 0.0000000000
-0.0477634043 0.0000000000
-0.0459627353 0.0000000000
-0.0477634043 0.0000000000
-0.0557904867 0.0000000000
-0.0689379519 0.0000000000
-0.0538301410 0.0000000000
-0.0557904867 0.0000000000
-0.0557904867 0.0000000000
-0.0689379519 0.0000000000
-0.0557904867 0.0000000000
-0.0689379519 0.0000000000
-0.0689379519 0.0000000000
-0.1010359372 0.0000000000
