0.5007083416 0.0000000000
0.1302893460 0.0000000000
0.1302893460 0.0000000000
0.0464337803 0.0000000000
0.1302893460 0.0000000000
0.0464337803 0.0000000000
0.0464337803 0.0000000000
0.0259399544 0.0000000000
0.1302893460 0.0000000000
0.0464337803 0.0000000000
0.0349593312 0.0000000000
0.0184521787 0.0000000000
0.0349593312 0.0000000000
0.0184521787 0.0000000000
0.0135090789 0.0000000000
0.0128478203 0.0000000000
0.1302893460 0.0000000000
0.0349593312 0.0000000000
0.0464337803 0.0000000000
0.0184521787 0.0000000000
0.0349593312 0.0000000000
0.0135090789 0.0000000000
0.0184521787 0.0000000000
0.0128478203 0.0000000000
0.0464337803 0.0000000000
0.0184521787 0.0000000000
0.0184521787 0.0000000000
0.0127311759 0.0000000000
0.0135090789 0.0000000000
0.0090452721 0.0000000000
0.0090452721 0.0000000000
0.0128478203 0.0000000000
0.1302893460 0.0000000000
0.0349593312 0.0000000000
0.0349593312 0.0000000000
0.0135090789 0.0000000000
0.0464337803 0.0000000000
0.0184521787 0.0000000000
0.0184521787 0.0000000000
0.0128478203 0.0000000000
0.0464337803 0.0000000000
0.0184521787 0.0000000000
0.0135090789 0.0000000000
0.0090452721 0.0000000000
0.0184521787 0.0000000000
0.0127311759 0.0000000000
0.0090452721 0.0000000000
0.0128478203 0.0000000000
0.0464337803 0.0000000000
0.0135090789 0.0000000000
0.0184521787 0.0000000000
0.0090452721 0.0000000000
0.0184521787 0.0000000000
0.0090452721 0.0000000000
0.0127311759 0.0000000000
0.0128478203 0.0000000000
0.0259399544 0.0000000000
0.0128478203 0.0000000000
0.0128478203 0.0000000000
0.0128478203 0.0000000000
0.0128478203 0.0000000000
0.0128478203 0.0000000000
0.0128478203 0.0000000000
0.0259399544 0.0000000000
0.1302893460 0.0000000000
0.0464337803 0.0000000000
0.0349593312 0.0000000000
0.0184521787 0.0000000000
0.0349593312 0.0000000000
0.0184521787 0.0000000000
0.0135090789 0.0000000000
0.0128478203 0.0000000000
0.0464337803 0.0000000000
0.0259399544 0.0000000000
0.0135090789 0.0000000000
0.0128478203 0.0000000000
0.0135090789 0.0000000000
0.0128478203 0.0000000000
0.0064644301 0.0000000000
0.0127311759 0.0000000000
0.0349593312 0.0000000000
0.0135090789 0.0000000000
0.0135090789 0.0000000000
0.0090452721 0.0000000000
0.0100262221 0.0000000000
0.0064861644 0.0000000000
0.0064861644 0.0000000000
0.0090452721 0.0000000000
0.0184521787 0.0000000000
0.0128478203 0.0000000000
0.0090452721 0.0000000000
0.0128478203 0.0000000000
0.0064861644 0.0000000000
0.0090452721 0.0000000000
0.0064861644 0.0000000000
0.0184521787 0.0000000000
0.0349593312 0.0000000000
0.0135090789 0.0000000000
0.0100262221 0.0000000000
0.0064861644 0.0000000000
0.0135090789 0.0000000000
0.0090452721 0.0000000000
0.0064861644 0.0000000000
0.0090452721 0.0000000000
0.0184521787 0.0000000000
0.0128478203 0.0000000000
0.0064861644 0.0000000000
0.0090452721 0.0000000000
0.0090452721 0.0000000000
0.0128478203 0.0000000000
0.0064861644 0.0000000000
0.0184521787 0.0000000000
0.0135090789 0.0000000000
0.0064644301 0.0000000000
0.0064861644 0.0000000000
0.0064861644 0.0000000000
0.0064861644 0.0000000000
0.0064861644 0.0000000000
0.0064644301 0.0000000000
0.0135090789 0.0000000000
0.0128478203 0.0000000000
0.0127311759 0.0000000000
0.0090452721 0.0000000000
0.0184521787 0.0000000000
0.0090452721 0.0000000000
0.0184521787 0.0000000000
0.0135090789 0.0000000000
0.0464337803 0.0000000000
0.1302893460 0.0000000000
0.0349593312 0.0000000000
0.0464337803 0.0000000000
0.0184521787 0.0000000000
0.0349593312 0.0000000000
0.0135090789 0.0000000000
0.0184521787 0.0000000000
0.0128478203 0.0000000000
0.0349593312 0.0000000000
0.0135090789 0.0000000000
0.0135090789 0.0000000000
0.0090452721 0.0000000000
0.0100262221 0.0000000000
0.0064861644 0.0000000000
0.0064861644 0.0000000000
0.0090452721 0.0000000000
0.0464337803 0.0000000000
0.0135090789 0.0000000000
0.0259399544 0.0000000000
0.0128478203 0.0000000000
0.0135090789 0.0000000000
0.0064644301 0.0000000000
0.0128478203 0.0000000000
0.0127311759 0.0000000000
0.0184521787 0.0000000000
0.0090452721 0.0000000000
0.0128478203 0.0000000000
0.0128478203 0.0000000000
0.0064861644 0.0000000000
0.0064861644 0.0000000000
0.0090452721 0.0000000000
0.0184521787 0.0000000000
0.0349593312 0.0000000000
0.0100262221 0.0000000000
0.0135090789 0.0000000000
0.0064861644 0.0000000000
0.0135090789 0.0000000000
0.0064861644 0.0000000000
0.0090452721 0.0000000000
0.0090452721 0.0000000000
0.0135090789 0.0000000000
0.0064861644 0.0000000000
0.0064644301 0.0000000000
0.0064861644 0.0000000000
0.0064861644 0.0000000000
0.0064644301 0.0000000000
0.0064861644 0.0000000000
0.0135090789 0.0000000000
0.0184521787 0.0000000000
0.0064861644 0.0000000000
0.0128478203 0.0000000000
0.0090452721 0.0000000000
0.0090452721 0.0000000000
0.0064861644 0.0000000000
0.0128478203 0.0000000000
0.0184521787 0.0000000000
0.0128478203 0.0000000000
0.0090452721 0.0000000000
0.0127311759 0.0000000000
0.0184521787 0.0000000000
0.0090452721 0.0000000000
0.0135090789 0.0000000000
0.0184521787 0.0000000000
0.0464337803 0.0000000000
0.0464337803 0.0000000000
0.0184521787 0.0000000000
0.0184521787 0.0000000000
0.0127311759 0.0000000000
0.0135090789 0.0000000000
0.0090452721 0.0000000000
0.0090452721 0.0000000000
0.0128478203 0.0000000000
0.0184521787 0.0000000000
0.0128478203 0.0000000000
0.0090452721 0.0000000000
0.0128478203 0.0000000000
0.0064861644 0.0000000000
0.0090452721 0.0000000000
0.0064861644 0.0000000000
0.0184521787 0.0000000000
0.0184521787 0.0000000000
0.0090452721 0.0000000000
0.0128478203 0.0000000000
0.0128478203 0.0000000000
0.0064861644 0.0000000000
0.0064861644 0.0000000000
0.0090452721 0.0000000000
0.0184521787 0.0000000000
0.0127311759 0.0000000000
0.0128478203 0.0000000000
0.0128478203 0.0000000000
0.0259399544 0.0000000000
0.0064644301 0.0000000000
0.0135090789 0.0000000000
0.0135090789 0.0000000000
0.0464337803 0.0000000000
0.0135090789 0.0000000000
0.0064861644 0.0000000000
0.0064861644 0.0000000000
0.0064644301 0.0000000000
0.0064644301 0.0000000000
0.0064861644 0.0000000000
0.0064861644 0.0000000000
0.0135090789 0.0000000000
0.0090452721 0.0000000000
0.0090452721 0.0000000000
0.0064861644 0.0000000000
0.0135090789 0.0000000000
0.0064861644 0.0000000000
0.0135090789 0.0000000000
0.0100262221 0.0000000000
0.0349593312 0.0000000000
0.0090452721 0.0000000000
0.0064861644 0.0000000000
0.0090452721 0.0000000000
0.0135090789 0.0000000000
0.0064861644 0.0000000000
0.0100262221 0.0000000000
0.0135090789 0.0000000000
0.0349593312 0.0000000000
0.0128478203 0.0000000000
0.0184521787 0.0000000000
0.0184521787 0.0000000000
0.0464337803 0.0000000000
0.0135090789 0.0000000000
0.0349593312 0.0000000000
0.0349593312 0.0000000000
0.1302893460 0.0000000000
0.1302893460 0.0000000000
0.0349593312 0.0000000000
0.0349593312 0.0000000000
0.0135090789 0.0000000000
0.0464337803 0.0000000000
0.0184521787 0.0000000000
0.0184521787 0.0000000000
0.0128478203 0.0000000000
0.0349593312 0.0000000000
0.0135090789 0.0000000000
0.0100262221 0.0000000000
0.0064861644 0.0000000000
0.0135090789 0.0000000000
0.0090452721 0.0000000000
0.0064861644 0.0000000000
0.0090452721 0.0000000000
0.0349593312 0.0000000000
0.0100262221 0.0000000000
0.0135090789 0.0000000000
0.0064861644 0.0000000000
0.0135090789 0.0000000000
0.0064861644 0.0000000000
0.0090452721 0.0000000000
0.0090452721 0.0000000000
0.0135090789 0.0000000000
0.0064861644 0.0000000000
0.0064861644 0.0000000000
0.0064644301 0.0000000000
0.0064644301 0.0000000000
0.0064861644 0.0000000000
0.0064861644 0.0000000000
0.0135090789 0.0000000000
0.0464337803 0.0000000000
0.0135090789 0.0000000000
0.0135090789 0.0000000000
0.0064644301 0.0000000000
0.0259399544 0.0000000000
0.0128478203 0.0000000000
0.0128478203 0.0000000000
0.0127311759 0.0000000000
0.0184521787 0.0000000000
0.0090452721 0.0000000000
0.0064861644 0.0000000000
0.0064861644 0.0000000000
0.0128478203 0.0000000000
0.0128478203 0.0000000000
0.0090452721 0.0000000000
0.0184521787 0.0000000000
0.0184521787 0.0000000000
0.0064861644 0.0000000000
0.0090452721 0.0000000000
0.0064861644 0.0000000000
0.0128478203 0.0000000000
0.0090452721 0.0000000000
0.0128478203 0.0000000000
0.0184521787 0.0000000000
0.0128478203 0.0000000000
0.0090452721 0.0000000000
0.0090452721 0.0000000000
0.0135090789 0.0000000000
0.0127311759 0.0000000000
0.0184521787 0.0000000000
0.0184521787 0.0000000000
0.0464337803 0.0000000000
0.0464337803 0.0000000000
0.0184521787 0.0000000000
0.0135090789 0.0000000000
0.0090452721 0.0000000000
0.0184521787 0.0000000000
0.0127311759 0.0000000000
0.0090452721 0.0000000000
0.0128478203 0.0000000000
0.0184521787 0.0000000000
0.0128478203 0.0000000000
0.0064861644 0.0000000000
0.0090452721 0.0000000000
0.0090452721 0.0000000000
0.0128478203 0.0000000000
0.0064861644 0.0000000000
0.0184521787 0.0000000000
0.0135090789 0.0000000000
0.0064861644 0.0000000000
0.0064644301 0.0000000000
0.0064861644 0.0000000000
0.0064861644 0.0000000000
0.0064644301 0.0000000000
0.0064861644 0.0000000000
0.0135090789 0.0000000000
0.0090452721 0.0000000000
0.0090452721 0.0000000000
0.0064861644 0.0000000000
0.0135090789 0.0000000000
0.0064861644 0.0000000000
0.0135090789 0.0000000000
0.0100262221 0.0000000000
0.0349593312 0.0000000000
0.0184521787 0.0000000000
0.0090452721 0.0000000000
0.0064861644 0.0000000000
0.0064861644 0.0000000000
0.0128478203 0.0000000000
0.0128478203 0.0000000000
0.0090452721 0.0000000000
0.0184521787 0.0000000000
0.0127311759 0.0000000000
0.0128478203 0.0000000000
0.0064644301 0.0000000000
0.0135090789 0.0000000000
0.0128478203 0.0000000000
0.0259399544 0.0000000000
0.0135090789 0.0000000000
0.0464337803 0.0000000000
0.0090452721 0.0000000000
0.0064861644 0.0000000000
0.0064861644 0.0000000000
0.0100262221 0.0000000000
0.0090452721 0.0000000000
0.0135090789 0.0000000000
0.0135090789 0.0000000000
0.0349593312 0.0000000000
0.0128478203 0.0000000000
0.0184521787 0.0000000000
0.0135090789 0.0000000000
0.0349593312 0.0000000000
0.0184521787 0.0000000000
0.0464337803 0.0000000000
0.0349593312 0.0000000000
0.1302893460 0.0000000000
0.0464337803 0.0000000000
0.0135090789 0.0000000000
0.0184521787 0.0000000000
0.0090452721 0.0000000000
0.0184521787 0.0000000000
0.0090452721 0.0000000000
0.0127311759 0.0000000000
0.0128478203 0.0000000000
0.0135090789 0.0000000000
0.0064644301 0.0000000000
0.0064861644 0.0000000000
0.0064861644 0.0000000000
0.0064861644 0.0000000000
0.0064861644 0.0000000000
0.0064644301 0.0000000000
0.0135090789 0.0000000000
0.0184521787 0.0000000000
0.0064861644 0.0000000000
0.0128478203 0.0000000000
0.0090452721 0.0000000000
0.0090452721 0.0000000000
0.0064861644 0.0000000000
0.0128478203 0.0000000000
0.0184521787 0.0000000000
0.0090452721 0.0000000000
0.0064861644 0.0000000000
0.0090452721 0.0000000000
0.0135090789 0.0000000000
0.0064861644 0.0000000000
0.0100262221 0.0000000000
0.0135090789 0.0000000000
0.0349593312 0.0000000000
0.0184521787 0.0000000000
0.0064861644 0.0000000000
0.0090452721 0.0000000000
0.0064861644 0.0000000000
0.0128478203 0.0000000000
0.0090452721 0.0000000000
0.0128478203 0.0000000000
0.0184521787 0.0000000000
0.0090452721 0.0000000000
0.0064861644 0.0000000000
0.0064861644 0.0000000000
0.0100262221 0.0000000000
0.0090452721 0.0000000000
0.0135090789 0.0000000000
0.0135090789 0.0000000000
0.0349593312 0.0000000000
0.0127311759 0.0000000000
0.0064644301 0.0000000000
0.0128478203 0.0000000000
0.0135090789 0.0000000000
0.0128478203 0.0000000000
0.0135090789 0.0000000000
0.0259399544 0.0000000000
0.0464337803 0.0000000000
0.0128478203 0.0000000000
0.0135090789 0.0000000000
0.0184521787 0.0000000000
0.0349593312 0.0000000000
0.0184521787 0.0000000000
0.0349593312 0.0000000000
0.0464337803 0.0000000000
0.1302893460 0.0000000000
0.0259399544 0.0000000000
0.0128478203 0.0000000000
0.0128478203 0.0000000000
0.0128478203 0.0000000000
0.0128478203 0.0000000000
0.0128478203 0.0000000000
0.0128478203 0.0000000000
0.0259399544 0.0000000000
0.0128478203 0.0000000000
0.0127311759 0.0000000000
0.0090452721 0.0000000000
0.0184521787 0.0000000000
0.0090452721 0.0000000000
0.0184521787 0.0000000000
0.0135090789 0.0000000000
0.0464337803 0.0000000000
0.0128478203 0.0000000000
0.0090452721 0.0000000000
0.0127311759 0.0000000000
0.0184521787 0.0000000000
0.0090452721 0.0000000000
0.0135090789 0.0000000000
0.0184521787 0.0000000000
0.0464337803 0.0000000000
0.0128478203 0.0000000000
0.0184521787 0.0000000000
0.0184521787 0.0000000000
0.0464337803 0.0000000000
0.0135090789 0.0000000000
0.0349593312 0.0000000000
0.0349593312 0.0000000000
0.1302893460 0.0000000000
0.0128478203 0.0000000000
0.0090452721 0.0000000000
0.0090452721 0.0000000000
0.0135090789 0.0000000000
0.0127311759 0.0000000000
0.0184521787 0.0000000000
0.0184521787 0.0000000000
0.0464337803 0.0000000000
0.0128478203 0.0000000000
0.0184521787 0.0000000000
0.0135090789 0.0000000000
0.0349593312 0.0000000000
0.0184521787 0.0000000000
0.0464337803 0.0000000000
0.0349593312 0.0000000000
0.1302893460 0.0000000000
0.0128478203 0.0000000000
0.0135090789 0.0000000000
0.0184521787 0.0000000000
0.0349593312 0.0000000000
0.0184521787 0.0000000000
0.0349593312 0.0000000000
0.0464337803 0.0000000000
0.1302893460 0.0000000000
0.0259399544 0.0000000000
0.0464337803 0.0000000000
0.0464337803 0.0000000000
0.1302893460 0.0000000000
0.0464337803 0.0000000000
0.1302893460 0.0000000000
0.1302893460 0.0000000000
0.5007083416 0.0000000000
