0.2699041665 0.0000000000
0.1120573059 0.0000000000
0.1120573059 0.0000000000
0.0632021353 0.0000000000
0.1120573059 0.0000000000
0.0632021353 0.0000000000
0.0632021353 0.0000000000
0.0513446480 0.0000000000
0.1120573059 0.0000000000
0.0632021353 0.0000000000
0.0487041734 0.0000000000
0.0386518575 0.0000000000
0.0487041734 0.0000000000
0.0386518575 0.0000000000
0.0294505116 0.0000000000
0.0346041694 0.0000000000
0.1120573059 0.0000000000
0.0487041734 0.0000000000
0.0632021353 0.0000000000
0.0386518575 0.0000000000
0.0487041734 0.0000000000
0.0294505116 0.0000000000
0.0386518575 0.0000000000
0.0346041694 0.0000000000
0.0632021353 0.0000000000
0.0386518575 0.0000000000
0.0386518575 0.0000000000
0.0344781987 0.0000000000
0.0294505116 0.0000000000
0.0260355286 0.0000000000
0.0260355286 0.0000000000
0.0346041694 0.0000000000
0.1120573059 0.0000000000
0.0487041734 0.0000000000
0.0487041734 0.0000000000
0.0294505116 0.0000000000
0.0632021353 0.0000000000
0.0386518575 0.0000000000
0.0386518575 0.0000000000
0.0346041694 0.0000000000
0.0632021353 0.0000000000
0.0386518575 0.0000000000
0.0294505116 0.0000000000
0.0260355286 0.0000000000
0.0386518575 0.0000000000
0.0344781987 0.0000000000
0.0260355286 0.0000000000
0.0346041694 0.0000000000
0.0632021353 0.0000000000
0.0294505116 0.0000000000
0.0386518575 0.0000000000
0.0260355286 0.0000000000
0.0386518575 0.0000000000
0.0260355286 0.0000000000
0.0344781987 0.0000000000
0.0346041694 0.0000000000
0.0513446480 0.0000000000
0.0346041694 0.0000000000
0.0346041694 0.0000000000
0.0346041694 0.0000000000
0.0346041694 0.0000000000
0.0346041694 0.0000000000
0.0346041694 0.0000000000
0.0513446480 0.0000000000
0.1120573059 0.0000000000
0.0632021353 0.0000000000
0.0487041734 0.0000000000
0.0386518575 0.0000000000
0.0487041734 0.0000000000
0.0386518575 0.0000000000
0.0294505116 0.0000000000
0.0346041694 0.0000000000
0.0632021353 0.0000000000
0.0513446480 0.0000000000
0.0294505116 0.0000000000
0.0346041694 0.0000000000
0.0294505116 0.0000000000
0.0346041694 0.0000000000
0.0196897853 0.0000000000
0.0344781987 0.0000000000
0.0487041734 0.0000000000
0.0294505116 0.0000000000
0.0294505116 0.0000000000
0.0260355286 0.0000000000
0.0225217380 0.0000000000
0.0197025724 0.0000000000
0.0197025724 0.0000000000
0.0260355286 0.0000000000
0.0386518575 0.0000000000
0.0346041694 0.0000000000
0.0260355286 0.0000000000
0.0346041694 0.0000000000
0.0197025724 0.0000000000
0.0260355286 0.0000000000
0.0197025724 0.0000000000
0.0386518575 0.0000000000
0.0487041734 0.0000000000
0.0294505116 0.0000000000
0.0225217380 0.0000000000
0.0197025724 0.0000000000
0.0294505116 0.0000000000
0.0260355286 0.0000000000
0.0197025724 0.0000000000
0.0260355286 0.0000000000
0.0386518575 0.0000000000
0.0346041694 0.0000000000
0.0197025724 0.0000000000
0.0260355286 0.0000000000
0.0260355286 0.0000000000
0.0346041694 0.0000000000
0.0197025724 0.0000000000
0.0386518575 0.0000000000
0.0294505116 0.0000000000
0.0196897853 0.0000000000
0.0197025724 0.0000000000
0.0197025724 0.0000000000
0.0197025724 0.0000000000
0.0197025724 0.0000000000
0.0196897853 0.0000000000
0.0294505116 0.0000000000
0.0346041694 0.0000000000
0.0344781987 0.0000000000
0.0260355286 0.0000000000
0.0386518575 0.0000000000
0.0260355286 0.0000000000
0.0386518575 0.0000000000
0.0294505116 0.0000000000
0.0632021353 0.0000000000
0.1120573059 0.0000000000
0.0487041734 0.0000000000
0.0632021353 0.0000000000
0.0386518575 0.0000000000
0.0487041734 0.0000000000
0.0294505116 0.0000000000
0.0386518575 0.0000000000
0.0346041694 0.0000000000
0.0487041734 0.0000000000
0.0294505116 0.0000000000
0.0294505116 0.0000000000
0.0260355286 0.0000000000
0.0225217380 0.0000000000
0.0197025724 0.0000000000
0.0197025724 0.0000000000
0.0260355286 0.0000000000
0.0632021353 0.0000000000
0.0294505116 0.0000000000
0.0513446480 0.0000000000
0.0346041694 0.0000000000
0.0294505116 0.0000000000
0.0196897853 0.0000000000
0.0346041694 0.0000000000
0.0344781987 0.0000000000
0.0386518575 0.0000000000
0.0260355286 0.0000000000
0.0346041694 0.0000000000
0.0346041694 0.0000000000
0.0197025724 0.0000000000
0.0197025724 0.0000000000
0.0260355286 0.0000000000
0.0386518575 0.0000000000
0.0487041734 0.0000000000
0.0225217380 0.0000000000
0.0294505116 0.0000000000
0.0197025724 0.0000000000
0.0294505116 0.0000000000
0.0197025724 0.0000000000
0.0260355286 0.0000000000
0.0260355286 0.0000000000
0.0294505116 0.0000000000
0.0197025724 0.0000000000
0.0196897853 0.0000000000
0.0197025724 0.0000000000
0.0197025724 0.0000000000
0.0196897853 0.0000000000
0.0197025724 0.0000000000
0.0294505116 0.0000000000
0.0386518575 0.0000000000
0.0197025724 0.0000000000
0.0346041694 0.0000000000
0.0260355286 0.0000000000
0.0260355286 0.0000000000
0.0197025724 0.0000000000
0.0346041694 0.0000000000
0.0386518575 0.0000000000
0.0346041694 0.0000000000
0.0260355286 0.0000000000
0.0344781987 0.0000000000
0.0386518575 0.0000000000
0.0260355286 0.0000000000
0.0294505116 0.0000000000
0.0386518575 0.0000000000
0.0632021353 0.0000000000
0.0632021353 0.0000000000
0.0386518575 0.0000000000
0.0386518575 0.0000000000
0.0344781987 0.0000000000
0.0294505116 0.0000000000
0.0260355286 0.0000000000
0.0260355286 0.0000000000
0.0346041694 0.0000000000
0.0386518575 0.0000000000
0.0346041694 0.0000000000
0.0260355286 0.0000000000
0.0346041694 0.0000000000
0.0197025724 0.0000000000
0.0260355286 0.0000000000
0.0197025724 0.0000000000
0.0386518575 0.0000000000
0.0386518575 0.0000000000
0.0260355286 0.0000000000
0.0346041694 0.0000000000
0.0346041694 0.0000000000
0.0197025724 0.0000000000
0.0197025724 0.0000000000
0.0260355286 0.0000000000
0.0386518575 0.0000000000
0.0344781987 0.0000000000
0.0346041694 0.0000000000
0.0346041694 0.0000000000
0.0513446480 0.0000000000
0.0196897853 0.0000000000
0.0294505116 0.0000000000
0.0294505116 0.0000000000
0.0632021353 0.0000000000
0.0294505116 0.0000000000
0.0197025724 0.0000000000
0.0197025724 0.0000000000
0.0196897853 0.0000000000
0.0196897853 0.0000000000
0.0197025724 0.0000000000
0.0197025724 0.0000000000
0.0294505116 0.0000000000
0.0260355286 0.0000000000
0.0260355286 0.0000000000
0.0197025724 0.0000000000
0.0294505116 0.0000000000
0.0197025724 0.0000000000
0.0294505116 0.0000000000
0.0225217380 0.0000000000
0.0487041734 0.0000000000
0.0260355286 0.0000000000
0.0197025724 0.0000000000
0.0260355286 0.0000000000
0.0294505116 0.0000000000
0.0197025724 0.0000000000
0.0225217380 0.0000000000
0.0294505116 0.0000000000
0.0487041734 0.0000000000
0.0346041694 0.0000000000
0.0386518575 0.0000000000
0.0386518575 0.0000000000
0.0632021353 0.0000000000
0.0294505116 0.0000000000
0.0487041734 0.0000000000
0.0487041734 0.0000000000
0.1120573059 0.0000000000
0.1120573059 0.0000000000
0.0487041734 0.0000000000
0.0487041734 0.0000000000
0.0294505116 0.0000000000
0.0632021353 0.0000000000
0.0386518575 0.0000000000
0.0386518575 0.0000000000
0.0346041694 0.0000000000
0.0487041734 0.0000000000
0.0294505116 0.0000000000
0.0225217380 0.0000000000
0.0197025724 0.0000000000
0.0294505116 0.0000000000
0.0260355286 0.0000000000
0.0197025724 0.0000000000
0.0260355286 0.0000000000
0.0487041734 0.0000000000
0.0225217380 0.0000000000
0.0294505116 0.0000000000
0.0197025724 0.0000000000
0.0294505116 0.0000000000
0.0197025724 0.0000000000
0.0260355286 0.0000000000
0.0260355286 0.0000000000
0.0294505116 0.0000000000
0.0197025724 0.0000000000
0.0197025724 0.0000000000
0.0196897853 0.0000000000
0.0196897853 0.0000000000
0.0197025724 0.0000000000
0.0197025724 0.0000000000
0.0294505116 0.0000000000
0.0632021353 0.0000000000
0.0294505116 0.0000000000
0.0294505116 0.0000000000
0.0196897853 0.0000000000
0.0513446480 0.0000000000
0.0346041694 0.0000000000
0.0346041694 0.0000000000
0.0344781987 0.0000000000
0.0386518575 0.0000000000
0.0260355286 0.0000000000
0.0197025724 0.0000000000
0.0197025724 0.0000000000
0.0346041694 0.0000000000
0.0346041694 0.0000000000
0.0260355286 0.0000000000
0.0386518575 0.0000000000
0.0386518575 0.0000000000
0.0197025724 0.0000000000
0.0260355286 0.0000000000
0.0197025724 0.0000000000
0.0346041694 0.0000000000
0.0260355286 0.0000000000
0.0346041694 0.0000000000
0.0386518575 0.0000000000
0.0346041694 0.0000000000
0.0260355286 0.0000000000
0.0260355286 0.0000000000
0.0294505116 0.0000000000
0.0344781987 0.0000000000
0.0386518575 0.0000000000
0.0386518575 0.0000000000
0.0632021353 0.0000000000
0.0632021353 0.0000000000
0.0386518575 0.0000000000
0.0294505116 0.0000000000
0.0260355286 0.0000000000
0.0386518575 0.0000000000
0.0344781987 0.0000000000
0.0260355286 0.0000000000
0.0346041694 0.0000000000
0.0386518575 0.0000000000
0.0346041694 0.0000000000
0.0197025724 0.0000000000
0.0260355286 0.0000000000
0.0260355286 0.0000000000
0.0346041694 0.0000000000
0.0197025724 0.0000000000
0.0386518575 0.0000000000
0.0294505116 0.0000000000
0.0197025724 0.0000000000
0.0196897853 0.0000000000
0.0197025724 0.0000000000
0.0197025724 0.0000000000
0.0196897853 0.0000000000
0.0197025724 0.0000000000
0.0294505116 0.0000000000
0.0260355286 0.0000000000
0.0260355286 0.0000000000
0.0197025724 0.0000000000
0.0294505116 0.0000000000
0.0197025724 0.0000000000
0.0294505116 0.0000000000
0.0225217380 0.0000000000
0.0487041734 0.0000000000
0.0386518575 0.0000000000
0.0260355286 0.0000000000
0.0197025724 0.0000000000
0.0197025724 0.0000000000
0.0346041694 0.0000000000
0.0346041694 0.0000000000
0.0260355286 0.0000000000
0.0386518575 0.0000000000
0.0344781987 0.0000000000
0.0346041694 0.0000000000
0.0196897853 0.0000000000
0.0294505116 0.0000000000
0.0346041694 0.0000000000
0.0513446480 0.0000000000
0.0294505116 0.0000000000
0.0632021353 0.0000000000
0.0260355286 0.0000000000
0.0197025724 0.0000000000
0.0197025724 0.0000000000
0.0225217380 0.0000000000
0.0260355286 0.0000000000
0.0294505116 0.0000000000
0.0294505116 0.0000000000
0.0487041734 0.0000000000
0.0346041694 0.0000000000
0.0386518575 0.0000000000
0.0294505116 0.0000000000
0.0487041734 0.0000000000
0.0386518575 0.0000000000
0.0632021353 0.0000000000
0.0487041734 0.0000000000
0.1120573059 0.0000000000
0.0632021353 0.0000000000
0.0294505116 0.0000000000
0.0386518575 0.0000000000
0.0260355286 0.0000000000
0.0386518575 0.0000000000
0.0260355286 0.0000000000
0.0344781987 0.0000000000
0.0346041694 0.0000000000
0.0294505116 0.0000000000
0.0196897853 0.0000000000
0.0197025724 0.0000000000
0.0197025724 0.0000000000
0.0197025724 0.0000000000
0.0197025724 0.0000000000
0.0196897853 0.0000000000
0.0294505116 0.0000000000
0.0386518575 0.0000000000
0.0197025724 0.0000000000
0.0346041694 0.0000000000
0.0260355286 0.0000000000
0.0260355286 0.0000000000
0.0197025724 0.0000000000
0.0346041694 0.0000000000
0.0386518575 0.0000000000
0.0260355286 0.0000000000
0.0197025724 0.0000000000
0.0260355286 0.0000000000
0.0294505116 0.0000000000
0.0197025724 0.0000000000
0.0225217380 0.0000000000
0.0294505116 0.0000000000
0.0487041734 0.0000000000
0.0386518575 0.0000000000
0.0197025724 0.0000000000
0.0260355286 0.0000000000
0.0197025724 0.0000000000
0.0346041694 0.0000000000
0.0260355286 0.0000000000
0.0346041694 0.0000000000
0.0386518575 0.0000000000
0.0260355286 0.0000000000
0.0197025724 0.0000000000
0.0197025724 0.0000000000
0.0225217380 0.0000000000
0.0260355286 0.0000000000
0.0294505116 0.0000000000
0.0294505116 0.0000000000
0.0487041734 0.0000000000
0.0344781987 0.0000000000
0.0196897853 0.0000000000
0.0346041694 0.0000000000
0.0294505116 0.0000000000
0.0346041694 0.0000000000
0.0294505116 0.0000000000
0.0513446480 0.0000000000
0.0632021353 0.0000000000
0.0346041694 0.0000000000
0.0294505116 0.0000000000
0.0386518575 0.0000000000
0.0487041734 0.0000000000
0.0386518575 0.0000000000
0.0487041734 0.0000000000
0.0632021353 0.0000000000
0.1120573059 0.0000000000
0.0513446480 0.0000000000
0.0346041694 0.0000000000
0.0346041694 0.0000000000
0.0346041694 0.0000000000
0.0346041694 0.0000000000
0.0346041694 0.0000000000
0.0346041694 0.0000000000
0.0513446480 0.0000000000
0.0346041694 0.0000000000
0.0344781987 0.0000000000
0.0260355286 0.0000000000
0.0386518575 0.0000000000
0.0260355286 0.0000000000
0.0386518575 0.0000000000
0.0294505116 0.0000000000
0.0632021353 0.0000000000
0.0346041694 0.0000000000
0.0260355286 0.0000000000
0.0344781987 0.0000000000
0.0386518575 0.0000000000
0.0260355286 0.0000000000
0.0294505116 0.0000000000
0.0386518575 0.0000000000
0.0632021353 0.0000000000
0.0346041694 0.0000000000
0.0386518575 0.0000000000
0.0386518575 0.0000000000
0.0632021353 0.0000000000
0.0294505116 0.0000000000
0.0487041734 0.0000000000
0.0487041734 0.0000000000
0.1120573059 0.0000000000
0.0346041694 0.0000000000
0.0260355286 0.0000000000
0.0260355286 0.0000000000
0.0294505116 0.0000000000
0.0344781987 0.0000000000
0.0386518575 0.0000000000
0.0386518575 0.0000000000
0.0632021353 0.0000000000
0.0346041694 0.0000000000
0.0386518575 0.0000000000
0.0294505116 0.0000000000
0.0487041734 0.0000000000
0.0386518575 0.0000000000
0.0632021353 0.0000000000
0.0487041734 0.0000000000
0.1120573059 0.0000000000
0.0346041694 0.0000000000
0.0294505116 0.0000000000
0.0386518575 0.0000000000
0.0487041734 0.0000000000
0.0386518575 0.0000000000
0.0487041734 0.0000000000
0.0632021353 0.0000000000
0.1120573059 0.0000000000
0.0513446480 0.0000000000
0.0632021353 0.0000000000
0.0632021353 0.0000000000
0.1120573059 0.0000000000
0.0632021353 0.0000000000
0.1120573059 0.0000000000
0.1120573059 0.0000000000
0.2699041665 0.0000000000
