-0.3075321317 0.0000000000
-0.1183810979 0.0000000000
-0.1183810979 0.0000000000
-0.0624516308 0.0000000000
-0.1183810979 0.0000000000
-0.0624516308 0.0000000000
-0.0624516308 0.0000000000
-0.0485420227 0.0000000000
-0.1183810979 0.0000000000
-0.0624516308 0.0000000000
-0.0477546267 0.0000000000
-0.0360759981 0.0000000000
-0.0477546267 0.0000000000
-0.0360759981 0.0000000000
-0.0272011105 0.0000000000
-0.0314756259 0.0000000000
-0.1183810979 0.0000000000
-0.0477546267 0.0000000000
-0.0624516308 0.0000000000
-0.0360759981 0.0000000000
-0.0477546267 0.0000000000
-0.0272011105 0.0000000000
-0.0360759981 0.0000000000
-0.0314756259 0.0000000000
-0.0624516308 0.0000000000
-0.0360759981 0.0000000000
-0.0360759981 0.0000000000
-0.0313391648 0.0000000000
-0.0272011105 0.0000000000
-0.0233604647 0.0000000000
-0.0233604647 0.0000000000
-0.0314756259 0.0000000000
-0.1183810979 0.0000000000
-0.0477546267 0.0000000000
-0.0477546267 0.0000000000
-0.0272011105 0.0000000000
-0.0624516308 0.0000000000
-0.0360759981 0.0000000000
-0.0360759981 0.0000000000
-0.0314756259 0.0000000000
-0.0624516308 0.0000000000
-0.0360759981 0.0000000000
-0.0272011105 0.0000000000
-0.0233604647 0.0000000000
-0.0360759981 0.0000000000
-0.0313391648 0.0000000000
-0.0233604647 0.0000000000
-0.0314756259 0.0000000000
-0.0624516308 0.0000000000
-0.0272011105 0.0000000000
-0.0360759981 0.0000000000
-0.0233604647 0.0000000000
-0.0360759981 0.0000000000
-0.0233604647 0.0000000000
-0.0313391648 0.0000000000
-0.0314756259 0.0000000000
-0.0485420227 0.0000000000
-0.0314756259 0.0000000000
-0.0314756259 0.0000000000
-0.0314756259 0.0000000000
-0.0314756259 0.0000000000
-0.0314756259 0.0000000000
-0.0314756259 0.0000000000
-0.0485420227 0.0000000000
-0.1183810979 0.0000000000
-0.0624516308 0.0000000000
-0.0477546267 0.0000000000
-0.0360759981 0.0000000000
-0.0477546267 0.0000000000
-0.0360759981 0.0000000000
-0.0272011105 0.0000000000
-0.0314756259 0.0000000000
-0.0624516308 0.0000000000
-0.0485420227 0.0000000000
-0.0272011105 0.0000000000
-0.0314756259 0.0000000000
-0.0272011105 0.0000000000
-0.0314756259 0.0000000000
-0.0174474176 0.0000000000
-0.0313391648 0.0000000000
-0.0477546267 0.0000000000
-0.0272011105 0.0000000000
-0.0272011105 0.0000000000
-0.0233604647 0.0000000000
-0.0206084624 0.0000000000
-0.0174628478 0.0000000000
-0.0174628478 0.0000000000
-0.0233604647 0.0000000000
-0.0360759981 0.0000000000
-0.0314756259 0.0000000000
-0.0233604647 0.0000000000
-0.0314756259 0.0000000000
-0.0174628478 0.0000000000
-0.0233604647 0.0000000000
-0.0174628478 0.0000000000
-0.0360759981 0.0000000000
-0.0477546267 0.0000000000
-0.0272011105 0.0000000000
-0.0206084624 0.0000000000
-0.0174628478 0.0000000000
-0.0272011105 0.0000000000
-0.0233604647 0.0000000000
-0.0174628478 0.0000000000
-0.0233604647 0.0000000000
-0.0360759981 0.0000000000
-0.0314756259 0.0000000000
-0.0174628478 0.0000000000
-0.0233604647 0.0000000000
-0.0233604647 0.0000000000
-0.0314756259 0.0000000000
-0.0174628478 0.0000000000
-0.0360759981 0.0000000000
-0.0272011105 0.0000000000
-0.0174474176 0.0000000000
-0.0174628478 0.0000000000
-0.0174628478 0.0000000000
-0.0174628478 0.0000000000
-0.0174628478 0.0000000000
-0.0174474176 0.0000000000
-0.0272011105 0.0000000000
-0.0314756259 0.0000000000
-0.0313391648 0.0000000000
-0.0233604647 0.0000000000
-0.0360759981 0.0000000000
-0.0233604647 0.0000000000
-0.0360759981 0.0000000000
-0.0272011105 0.0000000000
-0.0624516308 0.0000000000
-0.1183810979 0.0000000000
-0.0477546267 0.0000000000
-0.0624516308 0.0000000000
-0.0360759981 0.0000000000
-0.0477546267 0.0000000000
-0.0272011105 0.0000000000
-0.0360759981 0.0000000000
-0.0314756259 0.0000000000
-0.0477546267 0.0000000000
-0.0272011105 0.0000000000
-0.0272011105 0.0000000000
-0.0233604647 0.0000000000
-0.0206084624 0.0000000000
-0.0174628478 0.0000000000
-0.0174628478 0.0000000000
-0.0233604647 0.0000000000
-0.0624516308 0.0000000000
-0.0272011105 0.0000000000
-0.0485420227 0.0000000000
-0.0314756259 0.0000000000
-0.0272011105 0.0000000000
-0.0174474176 0.0000000000
-0.0314756259 0.0000000000
-0.0313391648 0.0000000000
-0.0360759981 0.0000000000
-0.0233604647 0.0000000000
-0.0314756259 0.0000000000
-0.0314756259 0.0000000000
-0.0174628478 0.0000000000
-0.0174628478 0.0000000000
-0.0233604647 0.0000000000
-0.0360759981 0.0000000000
-0.0477546267 0.0000000000
-0.0206084624 0.0000000000
-0.0272011105 0.0000000000
-0.0174628478 0.0000000000
-0.0272011105 0.0000000000
-0.0174628478 0.0000000000
-0.0233604647 0.0000000000
-0.0233604647 0.0000000000
-0.0272011105 0.0000000000
-0.0174628478 0.0000000000
-0.0174474176 0.0000000000
-0.0174628478 0.0000000000
-0.0174628478 0.0000000000
-0.0174474176 0.0000000000
-0.0174628478 0.0000000000
-0.0272011105 0.0000000000
-0.0360759981 0.0000000000
-0.0174628478 0.0000000000
-0.0314756259 0.0000000000
-0.0233604647 0.0000000000
-0.0233604647 0.0000000000
-0.0174628478 0.0000000000
-0.0314756259 0.0000000000
-0.0360759981 0.0000000000
-0.0314756259 0.0000000000
-0.0233604647 0.0000000000
-0.0313391648 0.0000000000
-0.0360759981 0.0000000000
-0.0233604647 0.0000000000
-0.0272011105 0.0000000000
-0.0360759981 0.0000000000
-0.0624516308 0.0000000000
-0.0624516308 0.0000000000
-0.0360759981 0.0000000000
-0.0360759981 0.0000000000
-0.0313391648 0.0000000000
-0.0272011105 0.0000000000
-0.0233604647 0.0000000000
-0.0233604647 0.0000000000
-0.0314756259 0.0000000000
-0.0360759981 0.0000000000
-0.0314756259 0.0000000000
-0.0233604647 0.0000000000
-0.0314756259 0.0000000000
-0.0174628478 0.0000000000
-0.0233604647 0.0000000000
-0.0174628478 0.0000000000
-0.0360759981 0.0000000000
-0.0360759981 0.0000000000
-0.0233604647 0.0000000000
-0.0314756259 0.0000000000
-0.0314756259 0.0000000000
-0.0174628478 0.0000000000
-0.0174628478 0.0000000000
-0.0233604647 0.0000000000
-0.0360759981 0.0000000000
-0.0313391648 0.0000000000
-0.0314756259 0.0000000000
-0.0314756259 0.0000000000
-0.0485420227 0.0000000000
-0.0174474176 0.0000000000
-0.0272011105 0.0000000000
-0.0272011105 0.0000000000
-0.0624516308 0.0000000000
-0.0272011105 0.0000000000
-0.0174628478 0.0000000000
-0.0174628478 0.0000000000
-0.0174474176 0.0000000000
-0.0174474176 0.0000000000
-0.0174628478 0.0000000000
-0.0174628478 0.0000000000
-0.0272011105 0.0000000000
-0.0233604647 0.0000000000
-0.0233604647 0.0000000000
-0.0174628478 0.0000000000
-0.0272011105 0.0000000000
-0.0174628478 0.0000000000
-0.0272011105 0.0000000000
-0.0206084624 0.0000000000
-0.0477546267 0.0000000000
-0.0233604647 0.0000000000
-0.0174628478 0.0000000000
-0.0233604647 0.0000000000
-0.0272011105 0.0000000000
-0.0174628478 0.0000000000
-0.0206084624 0.0000000000
-0.0272011105 0.0000000000
-0.0477546267 0.0000000000
-0.0314756259 0.0000000000
-0.0360759981 0.0000000000
-0.0360759981 0.0000000000
-0.0624516308 0.0000000000
-0.0272011105 0.0000000000
-0.0477546267 0.0000000000
-0.0477546267 0.0000000000
-0.1183810979 0.0000000000
-0.1183810979 0.0000000000
-0.0477546267 0.0000000000
-0.0477546267 0.0000000000
-0.0272011105 0.0000000000
-0.0624516308 0.0000000000
-0.0360759981 0.0000000000
-0.0360759981 0.0000000000
-0.0314756259 0.0000000000
-0.0477546267 0.0000000000
-0.0272011105 0.0000000000
-0.0206084624 0.0000000000
-0.0174628478 0.0000000000
-0.0272011105 0.0000000000
-0.0233604647 0.0000000000
-0.0174628478 0.0000000000
-0.0233604647 0.0000000000
-0.0477546267 0.0000000000
-0.0206084624 0.0000000000
-0.0272011105 0.0000000000
-0.0174628478 0.0000000000
-0.0272011105 0.0000000000
-0.0174628478 0.0000000000
-0.0233604647 0.0000000000
-0.0233604647 0.0000000000
-0.0272011105 0.0000000000
-0.0174628478 0.0000000000
-0.0174628478 0.0000000000
-0.0174474176 0.0000000000
-0.0174474176 0.0000000000
-0.0174628478 0.0000000000
-0.0174628478 0.0000000000
-0.0272011105 0.0000000000
-0.0624516308 0.0000000000
-0.0272011105 0.0000000000
-0.0272011105 0.0000000000
-0.0174474176 0.0000000000
-0.0485420227 0.0000000000
-0.0314756259 0.0000000000
-0.0314756259 0.0000000000
-0.0313391648 0.0000000000
-0.0360759981 0.0000000000
-0.0233604647 0.0000000000
-0.0174628478 0.0000000000
-0.0174628478 0.0000000000
-0.0314756259 0.0000000000
-0.0314756259 0.0000000000
-0.0233604647 0.0000000000
-0.0360759981 0.0000000000
-0.0360759981 0.0000000000
-0.0174628478 0.0000000000
-0.0233604647 0.0000000000
-0.0174628478 0.0000000000
-0.0314756259 0.0000000000
-0.0233604647 0.0000000000
-0.0314756259 0.0000000000
-0.0360759981 0.0000000000
-0.0314756259 0.0000000000
-0.0233604647 0.0000000000
-0.0233604647 0.0000000000
-0.0272011105 0.0000000000
-0.0313391648 0.0000000000
-0.0360759981 0.0000000000
-0.0360759981 0.0000000000
-0.0624516308 0.0000000000
-0.0624516308 0.0000000000
-0.0360759981 0.0000000000
-0.0272011105 0.0000000000
-0.0233604647 0.0000000000
-0.0360759981 0.0000000000
-0.0313391648 0.0000000000
-0.0233604647 0.0000000000
-0.0314756259 0.0000000000
-0.0360759981 0.0000000000
-0.0314756259 0.0000000000
-0.0174628478 0.0000000000
-0.0233604647 0.0000000000
-0.0233604647 0.0000000000
-0.0314756259 0.0000000000
-0.0174628478 0.0000000000
-0.0360759981 0.0000000000
-0.0272011105 0.0000000000
-0.0174628478 0.0000000000
-0.0174474176 0.0000000000
-0.0174628478 0.0000000000
-0.0174628478 0.0000000000
-0.0174474176 0.0000000000
-0.0174628478 0.0000000000
-0.0272011105 0.0000000000
-0.0233604647 0.0000000000
-0.0233604647 0.0000000000
-0.0174628478 0.0000000000
-0.0272011105 0.0000000000
-0.0174628478 0.0000000000
-0.0272011105 0.0000000000
-0.0206084624 0.0000000000
-0.0477546267 0.0000000000
-0.0360759981 0.0000000000
-0.0233604647 0.0000000000
-0.0174628478 0.0000000000
-0.0174628478 0.0000000000
-0.0314756259 0.0000000000
-0.0314756259 0.0000000000
-0.0233604647 0.0000000000
-0.0360759981 0.0000000000
-0.0313391648 0.0000000000
-0.0314756259 0.0000000000
-0.0174474176 0.0000000000
-0.0272011105 0.0000000000
-0.0314756259 0.0000000000
-0.0485420227 0.0000000000
-0.0272011105 0.0000000000
-0.0624516308 0.0000000000
-0.0233604647 0.0000000000
-0.0174628478 0.0000000000
-0.0174628478 0.0000000000
-0.0206084624 0.0000000000
-0.0233604647 0.0000000000
-0.0272011105 0.0000000000
-0.0272011105 0.0000000000
-0.0477546267 0.0000000000
-0.0314756259 0.0000000000
-0.0360759981 0.0000000000
-0.0272011105 0.0000000000
-0.0477546267 0.0000000000
-0.0360759981 0.0000000000
-0.0624516308 0.0000000000
-0.0477546267 0.0000000000
-0.1183810979 0.0000000000
-0.0624516308 0.0000000000
-0.0272011105 0.0000000000
-0.0360759981 0.0000000000
-0.0233604647 0.0000000000
-0.0360759981 0.0000000000
-0.0233604647 0.0000000000
-0.0313391648 0.0000000000
-0.0314756259 0.0000000000
-0.0272011105 0.0000000000
-0.0174474176 0.0000000000
-0.0174628478 0.0000000000
-0.0174628478 0.0000000000
-0.0174628478 0.0000000000
-0.0174628478 0.0000000000
-0.0174474176 0.0000000000
-0.0272011105 0.0000000000
-0.0360759981 0.0000000000
-0.0174628478 0.0000000000
-0.0314756259 0.0000000000
-0.0233604647 0.0000000000
-0.0233604647 0.0000000000
-0.0174628478 0.0000000000
-0.0314756259 0.0000000000
-0.0360759981 0.0000000000
-0.0233604647 0.0000000000
-0.0174628478 0.0000000000
-0.0233604647 0.0000000000
-0.0272011105 0.0000000000
-0.0174628478 0.0000000000
-0.0206084624 0.0000000000
-0.0272011105 0.0000000000
-0.0477546267 0.0000000000
-0.0360759981 0.0000000000
-0.0174628478 0.0000000000
-0.0233604647 0.0000000000
-0.0174628478 0.0000000000
-0.0314756259 0.0000000000
-0.0233604647 0.0000000000
-0.0314756259 0.0000000000
-0.0360759981 0.0000000000
-0.0233604647 0.0000000000
-0.0174628478 0.0000000000
-0.0174628478 0.0000000000
-0.0206084624 0.0000000000
-0.0233604647 0.0000000000
-0.0272011105 0.0000000000
-0.0272011105 0.0000000000
-0.0477546267 0.0000000000
-0.0313391648 0.0000000000
-0.0174474176 0.0000000000
-0.0314756259 0.0000000000
-0.0272011105 0.0000000000
-0.0314756259 0.0000000000
-0.0272011105 0.0000000000
-0.0485420227 0.0000000000
-0.0624516308 0.0000000000
-0.0314756259 0.0000000000
-0.0272011105 0.0000000000
-0.0360759981 0.0000000000
-0.0477546267 0.0000000000
-0.0360759981 0.0000000000
-0.0477546267 0.0000000000
-0.0624516308 0.0000000000
-0.1183810979 0.0000000000
-0.0485420227 0.0000000000
-0.0314756259 0.0000000000
-0.0314756259 0.0000000000
-0.0314756259 0.0000000000
-0.0314756259 0.0000000000
-0.0314756259 0.0000000000
-0.0314756259 0.0000000000
-0.0485420227 0.0000000000
-0.0314756259 0.0000000000
-0.0313391648 0.0000000000
-0.0233604647 0.0000000000
-0.0360759981 0.0000000000
-0.0233604647 0.0000000000
-0.0360759981 0.0000000000
-0.0272011105 0.0000000000
-0.0624516308 0.0000000000
-0.0314756259 0.0000000000
-0.0233604647 0.0000000000
-0.0313391648 0.0000000000
-0.0360759981 0.0000000000
-0.0233604647 0.0000000000
-0.0272011105 0.0000000000
-0.0360759981 0.0000000000
-0.0624516308 0.0000000000
-0.0314756259 0.0000000000
-0.0360759981 0.0000000000
-0.0360759981 0.0000000000
-0.0624516308 0.0000000000
-0.0272011105 0.0000000000
-0.0477546267 0.0000000000
-0.0477546267 0.0000000000
-0.1183810979 0.0000000000
-0.0314756259 0.0000000000
-0.0233604647 0.0000000000
-0.0233604647 0.0000000000
-0.0272011105 0.0000000000
-0.0313391648 0.0000000000
-0.0360759981 0.0000000000
-0.0360759981 0.0000000000
-0.0624516308 0.0000000000
-0.0314756259 0.0000000000
-0.0360759981 0.0000000000
-0.0272011105 0.0000000000
-0.0477546267 0.0000000000
-0.0360759981 0.0000000000
-0.0624516308 0.0000000000
-0.0477546267 0.0000000000
-0.1183810979 0.0000000000
-0.0314756259 0.0000000000
-0.0272011105 0.0000000000
-0.0360759981 0.0000000000
-0.0477546267 0.0000000000
-0.0360759981 0.0000000000
-0.0477546267 0.0000000000
-0.0624516308 0.0000000000
-0.1183810979 0.0000000000
-0.0485420227 0.0000000000
-0.0624516308 0.0000000000
-0.0624516308 0.0000000000
-0.1183810979 0.0000000000
-0.0624516308 0.0000000000
-0.1183810979 0.0000000000
-0.1183810979 0.0000000000
-0.3075321317 0.0000000000
