0.2259085625 0.0000000000
0.1033151448 0.0000000000
0.1033151448 0.0000000000
0.0631531924 0.0000000000
0.1033151448 0.0000000000
0.0631531924 0.0000000000
0.0631531924 0.0000000000
0.0538387559 0.0000000000
0.1033151448 0.0000000000
0.0631531924 0.0000000000
0.0492958091 0.0000000000
0.0412941314 0.0000000000
0.0492958091 0.0000000000
0.0412941314 0.0000000000
0.0319700092 0.0000000000
0.0379862040 0.0000000000
0.1033151448 0.0000000000
0.0492958091 0.0000000000
0.0631531924 0.0000000000
0.0412941314 0.0000000000
0.0492958091 0.0000000000
0.0319700092 0.0000000000
0.0412941314 0.0000000000
0.0379862040 0.0000000000
0.0631531924 0.0000000000
0.0412941314 0.0000000000
0.0412941314 0.0000000000
0.0378784798 0.0000000000
0.0319700092 0.0000000000
0.0291391388 0.0000000000
0.0291391388 0.0000000000
0.0379862040 0.0000000000
0.1033151448 0.0000000000
0.0492958091 0.0000000000
0.0492958091 0.0000000000
0.0319700092 0.0000000000
0.0631531924 0.0000000000
0.0412941314 0.0000000000
0.0412941314 0.0000000000
0.0379862040 0.0000000000
0.0631531924 0.0000000000
0.0412941314 0.0000000000
0.0319700092 0.0000000000
0.0291391388 0.0000000000
0.0412941314 0.0000000000
0.0378784798 0.0000000000
0.0291391388 0.0000000000
0.0379862040 0.0000000000
0.0631531924 0.0000000000
0.0319700092 0.0000000000
0.0412941314 0.0000000000
0.0291391388 0.0000000000
0.0412941314 0.0000000000
0.0291391388 0.0000000000
0.0378784798 0.0000000000
0.0379862040 0.0000000000
0.0538387559 0.0000000000
0.0379862040 0.0000000000
0.0379862040 0.0000000000
0.0379862040 0.0000000000
0.0379862040 0.0000000000
0.0379862040 0.0000000000
0.0379862040 0.0000000000
0.0538387559 0.0000000000
0.1033151448 0.0000000000
0.0631531924 0.0000000000
0.0492958091 0.0000000000
0.0412941314 0.0000000000
0.0492958091 0.0000000000
0.0412941314 0.0000000000
0.0319700092 0.0000000000
0.0379862040 0.0000000000
0.0631531924 0.0000000000
0.0538387559 0.0000000000
0.0319700092 0.0000000000
0.0379862040 0.0000000000
0.0319700092 0.0000000000
0.0379862040 0.0000000000
0.0224391539 0.0000000000
0.0378784798 0.0000000000
0.0492958091 0.0000000000
0.0319700092 0.0000000000
0.0319700092 0.0000000000
0.0291391388 0.0000000000
0.0248122215 0.0000000000
0.0224486366 0.0000000000
0.0224486366 0.0000000000
0.0291391388 0.0000000000
0.0412941314 0.0000000000
0.0379862040 0.0000000000
0.0291391388 0.0000000000
0.0379862040 0.0000000000
0.0224486366 0.0000000000
0.0291391388 0.0000000000
0.0224486366 0.0000000000
0.0412941314 0.0000000000
0.0492958091 0.0000000000
0.0319700092 0.0000000000
0.0248122215 0.0000000000
0.0224486366 0.0000000000
0.0319700092 0.0000000000
0.0291391388 0.0000000000
0.0224486366 0.0000000000
0.0291391388 0.0000000000
0.0412941314 0.0000000000
0.0379862040 0.0000000000
0.0224486366 0.0000000000
0.0291391388 0.0000000000
0.0291391388 0.0000000000
0.0379862040 0.0000000000
0.0224486366 0.0000000000
0.0412941314 0.0000000000
0.0319700092 0.0000000000
0.0224391539 0.0000000000
0.0224486366 0.0000000000
0.0224486366 0.0000000000
0.0224486366 0.0000000000
0.0224486366 0.0000000000
0.0224391539 0.0000000000
0.0319700092 0.0000000000
0.0379862040 0.0000000000
0.0378784798 0.0000000000
0.0291391388 0.0000000000
0.0412941314 0.0000000000
0.0291391388 0.0000000000
0.0412941314 0.0000000000
0.0319700092 0.0000000000
0.0631531924 0.0000000000
0.1033151448 0.0000000000
0.0492958091 0.0000000000
0.0631531924 0.0000000000
0.0412941314 0.0000000000
0.0492958091 0.0000000000
0.0319700092 0.0000000000
0.0412941314 0.0000000000
0.0379862040 0.0000000000
0.0492958091 0.0000000000
0.0319700092 0.0000000000
0.0319700092 0.0000000000
0.0291391388 0.0000000000
0.0248122215 0.0000000000
0.0224486366 0.0000000000
0.0224486366 0.0000000000
0.0291391388 0.0000000000
0.0631531924 0.0000000000
0.0319700092 0.0000000000
0.0538387559 0.0000000000
0.0379862040 0.0000000000
0.0319700092 0.0000000000
0.0224391539 0.0000000000
0.0379862040 0.0000000000
0.0378784798 0.0000000000
0.0412941314 0.0000000000
0.0291391388 0.0000000000
0.0379862040 0.0000000000
0.0379862040 0.0000000000
0.0224486366 0.0000000000
0.0224486366 0.0000000000
0.0291391388 0.0000000000
0.0412941314 0.0000000000
0.0492958091 0.0000000000
0.0248122215 0.0000000000
0.0319700092 0.0000000000
0.0224486366 0.0000000000
0.0319700092 0.0000000000
0.0224486366 0.0000000000
0.0291391388 0.0000000000
0.0291391388 0.0000000000
0.0319700092 0.0000000000
0.0224486366 0.0000000000
0.0224391539 0.0000000000
0.0224486366 0.0000000000
0.0224486366 0.0000000000
0.0224391539 0.0000000000
0.0224486366 0.0000000000
0.0319700092 0.0000000000
0.0412941314 0.0000000000
0.0224486366 0.0000000000
0.0379862040 0.0000000000
0.0291391388 0.0000000000
0.0291391388 0.0000000000
0.0224486366 0.0000000000
0.0379862040 0.0000000000
0.0412941314 0.0000000000
0.0379862040 0.0000000000
0.0291391388 0.0000000000
0.0378784798 0.0000000000
0.0412941314 0.0000000000
0.0291391388 0.0000000000
0.0319700092 0.0000000000
0.0412941314 0.0000000000
0.0631531924 0.0000000000
0.0631531924 0.0000000000
0.0412941314 0.0000000000
0.0412941314 0.0000000000
0.0378784798 0.0000000000
0.0319700092 0.0000000000
0.0291391388 0.0000000000
0.0291391388 0.0000000000
0.0379862040 0.0000000000
0.0412941314 0.0000000000
0.0379862040 0.0000000000
0.0291391388 0.0000000000
0.0379862040 0.0000000000
0.0224486366 0.0000000000
0.0291391388 0.0000000000
0.0224486366 0.0000000000
0.0412941314 0.0000000000
0.0412941314 0.0000000000
0.0291391388 0.0000000000
0.0379862040 0.0000000000
0.0379862040 0.0000000000
0.0224486366 0.0000000000
0.0224486366 0.0000000000
0.0291391388 0.0000000000
0.0412941314 0.0000000000
0.0378784798 0.0000000000
0.0379862040 0.0000000000
0.0379862040 0.0000000000
0.0538387559 0.0000000000
0.0224391539 0.0000000000
0.0319700092 0.0000000000
0.0319700092 0.0000000000
0.0631531924 0.0000000000
0.0319700092 0.0000000000
0.0224486366 0.0000000000
0.0224486366 0.0000000000
0.0224391539 0.0000000000
0.0224391539 0.0000000000
0.0224486366 0.0000000000
0.0224486366 0.0000000000
0.0319700092 0.0000000000
0.0291391388 0.0000000000
0.0291391388 0.0000000000
0.0224486366 0.0000000000
0.0319700092 0.0000000000
0.0224486366 0.0000000000
0.0319700092 0.0000000000
0.0248122215 0.0000000000
0.0492958091 0.0000000000
0.0291391388 0.0000000000
0.0224486366 0.0000000000
0.0291391388 0.0000000000
0.0319700092 0.0000000000
0.0224486366 0.0000000000
0.0248122215 0.0000000000
0.0319700092 0.0000000000
0.0492958091 0.0000000000
0.0379862040 0.0000000000
0.0412941314 0.0000000000
0.0412941314 0.0000000000
0.0631531924 0.0000000000
0.0319700092 0.0000000000
0.0492958091 0.0000000000
0.0492958091 0.0000000000
0.1033151448 0.0000000000
0.1033151448 0.0000000000
0.0492958091 0.0000000000
0.0492958091 0.0000000000
0.0319700092 0.0000000000
0.0631531924 0.0000000000
0.0412941314 0.0000000000
0.0412941314 0.0000000000
0.0379862040 0.0000000000
0.0492958091 0.0000000000
0.0319700092 0.0000000000
0.0248122215 0.0000000000
0.0224486366 0.0000000000
0.0319700092 0.0000000000
0.0291391388 0.0000000000
0.0224486366 0.0000000000
0.0291391388 0.0000000000
0.0492958091 0.0000000000
0.0248122215 0.0000000000
0.0319700092 0.0000000000
0.0224486366 0.0000000000
0.0319700092 0.0000000000
0.0224486366 0.0000000000
0.0291391388 0.0000000000
0.0291391388 0.0000000000
0.0319700092 0.0000000000
0.0224486366 0.0000000000
0.0224486366 0.0000000000
0.0224391539 0.0000000000
0.0224391539 0.0000000000
0.0224486366 0.0000000000
0.0224486366 0.0000000000
0.0319700092 0.0000000000
0.0631531924 0.0000000000
0.0319700092 0.0000000000
0.0319700092 0.0000000000
0.0224391539 0.0000000000
0.0538387559 0.0000000000
0.0379862040 0.0000000000
0.0379862040 0.0000000000
0.0378784798 0.0000000000
0.0412941314 0.0000000000
0.0291391388 0.0000000000
0.0224486366 0.0000000000
0.0224486366 0.0000000000
0.0379862040 0.0000000000
0.0379862040 0.0000000000
0.0291391388 0.0000000000
0.0412941314 0.0000000000
0.0412941314 0.0000000000
0.0224486366 0.0000000000
0.0291391388 0.0000000000
0.0224486366 0.0000000000
0.0379862040 0.0000000000
0.0291391388 0.0000000000
0.0379862040 0.0000000000
0.0412941314 0.0000000000
0.0379862040 0.0000000000
0.0291391388 0.0000000000
0.0291391388 0.0000000000
0.0319700092 0.0000000000
0.0378784798 0.0000000000
0.0412941314 0.0000000000
0.0412941314 0.0000000000
0.0631531924 0.0000000000
0.0631531924 0.0000000000
0.0412941314 0.0000000000
0.0319700092 0.0000000000
0.0291391388 0.0000000000
0.0412941314 0.0000000000
0.0378784798 0.0000000000
0.0291391388 0.0000000000
0.0379862040 0.0000000000
0.0412941314 0.0000000000
0.0379862040 0.0000000000
0.0224486366 0.0000000000
0.0291391388 0.0000000000
0.0291391388 0.0000000000
0.0379862040 0.0000000000
0.0224486366 0.0000000000
0.0412941314 0.0000000000
0.0319700092 0.0000000000
0.0224486366 0.0000000000
0.0224391539 0.0000000000
0.0224486366 0.0000000000
0.0224486366 0.0000000000
0.0224391539 0.0000000000
0.0224486366 0.0000000000
0.0319700092 0.0000000000
0.0291391388 0.0000000000
0.0291391388 0.0000000000
0.0224486366 0.0000000000
0.0319700092 0.0000000000
0.0224486366 0.0000000000
0.0319700092 0.0000000000
0.0248122215 0.0000000000
0.0492958091 0.0000000000
0.0412941314 0.0000000000
0.0291391388 0.0000000000
0.0224486366 0.0000000000
0.0224486366 0.0000000000
0.0379862040 0.0000000000
0.0379862040 0.0000000000
0.0291391388 0.0000000000
0.0412941314 0.0000000000
0.0378784798 0.0000000000
0.0379862040 0.0000000000
0.0224391539 0.0000000000
0.0319700092 0.0000000000
0.0379862040 0.0000000000
0.0538387559 0.0000000000
0.0319700092 0.0000000000
0.0631531924 0.0000000000
0.0291391388 0.0000000000
0.0224486366 0.0000000000
0.0224486366 0.0000000000
0.0248122215 0.0000000000
0.0291391388 0.0000000000
0.0319700092 0.0000000000
0.0319700092 0.0000000000
0.0492958091 0.0000000000
0.0379862040 0.0000000000
0.0412941314 0.0000000000
0.0319700092 0.0000000000
0.0492958091 0.0000000000
0.0412941314 0.0000000000
0.0631531924 0.0000000000
0.0492958091 0.0000000000
0.1033151448 0.0000000000
0.0631531924 0.0000000000
0.0319700092 0.0000000000
0.0412941314 0.0000000000
0.0291391388 0.0000000000
0.0412941314 0.0000000000
0.0291391388 0.0000000000
0.0378784798 0.0000000000
0.0379862040 0.0000000000
0.0319700092 0.0000000000
0.0224391539 0.0000000000
0.0224486366 0.0000000000
0.0224486366 0.0000000000
0.0224486366 0.0000000000
0.0224486366 0.0000000000
0.0224391539 0.0000000000
0.0319700092 0.0000000000
0.0412941314 0.0000000000
0.0224486366 0.0000000000
0.0379862040 0.0000000000
0.0291391388 0.0000000000
0.0291391388 0.0000000000
0.0224486366 0.0000000000
0.0379862040 0.0000000000
0.0412941314 0.0000000000
0.0291391388 0.0000000000
0.0224486366 0.0000000000
0.0291391388 0.0000000000
0.0319700092 0.0000000000
0.0224486366 0.0000000000
0.0248122215 0.0000000000
0.0319700092 0.0000000000
0.0492958091 0.0000000000
0.0412941314 0.0000000000
0.0224486366 0.0000000000
0.0291391388 0.0000000000
0.0224486366 0.0000000000
0.0379862040 0.0000000000
0.0291391388 0.0000000000
0.0379862040 0.0000000000
0.0412941314 0.0000000000
0.0291391388 0.0000000000
0.0224486366 0.0000000000
0.0224486366 0.0000000000
0.0248122215 0.0000000000
0.0291391388 0.0000000000
0.0319700092 0.0000000000
0.0319700092 0.0000000000
0.0492958091 0.0000000000
0.0378784798 0.0000000000
0.0224391539 0.0000000000
0.0379862040 0.0000000000
0.0319700092 0.0000000000
0.0379862040 0.0000000000
0.0319700092 0.0000000000
0.0538387559 0.0000000000
0.0631531924 0.0000000000
0.0379862040 0.0000000000
0.0319700092 0.0000000000
0.0412941314 0.0000000000
0.0492958091 0.0000000000
0.0412941314 0.0000000000
0.0492958091 0.0000000000
0.0631531924 0.0000000000
0.1033151448 0.0000000000
0.0538387559 0.0000000000
0.0379862040 0.0000000000
0.0379862040 0.0000000000
0.0379862040 0.0000000000
0.0379862040 0.0000000000
0.0379862040 0.0000000000
0.0379862040 0.0000000000
0.0538387559 0.0000000000
0.0379862040 0.0000000000
0.0378784798 0.0000000000
0.0291391388 0.0000000000
0.0412941314 0.0000000000
0.0291391388 0.0000000000
0.0412941314 0.0000000000
0.0319700092 0.0000000000
0.0631531924 0.0000000000
0.0379862040 0.0000000000
0.0291391388 0.0000000000
0.0378784798 0.0000000000
0.0412941314 0.0000000000
0.0291391388 0.0000000000
0.0319700092 0.0000000000
0.0412941314 0.0000000000
0.0631531924 0.0000000000
0.0379862040 0.0000000000
0.0412941314 0.0000000000
0.0412941314 0.0000000000
0.0631531924 0.0000000000
0.0319700092 0.0000000000
0.0492958091 0.0000000000
0.0492958091 0.0000000000
0.1033151448 0.0000000000
0.0379862040 0.0000000000
0.0291391388 0.0000000000
0.0291391388 0.0000000000
0.0319700092 0.0000000000
0.0378784798 0.0000000000
0.0412941314 0.0000000000
0.0412941314 0.0000000000
0.0631531924 0.0000000000
0.0379862040 0.0000000000
0.0412941314 0.0000000000
0.0319700092 0.0000000000
0.0492958091 0.0000000000
0.0412941314 0.0000000000
0.0631531924 0.0000000000
0.0492958091 0.0000000000
0.1033151448 0.0000000000
0.0379862040 0.0000000000
0.0319700092 0.0000000000
0.0412941314 0.0000000000
0.0492958091 0.0000000000
0.0412941314 0.0000000000
0.0492958091 0.0000000000
0.0631531924 0.0000000000
0.1033151448 0.0000000000
0.0538387559 0.0000000000
0.0631531924 0.0000000000
0.0631531924 0.0000000000
0.1033151448 0.0000000000
0.0631531924 0.0000000000
0.1033151448 0.0000000000
0.1033151448 0.0000000000
0.2259085625 0.0000000000
