-0.1938456297 0.0000000000
-0.0959890559 0.0000000000
-0.0959890559 0.0000000000
-0.0624327958 0.0000000000
-0.0959890559 0.0000000000
-0.0624327958 0.0000000000
-0.0624327958 0.0000000000
-0.0550352670 0.0000000000
-0.0959890559 0.0000000000
-0.0624327958 0.0000000000
-0.0493803844 0.0000000000
-0.0429507643 0.0000000000
-0.0493803844 0.0000000000
-0.0429507643 0.0000000000
-0.0337669104 0.0000000000
-0.0402375385 0.0000000000
-0.0959890559 0.0000000000
-0.0493803844 0.0000000000
-0.0624327958 0.0000000000
-0.0429507643 0.0000000000
-0.0493803844 0.0000000000
-0.0337669104 0.0000000000
-0.0429507643 0.0000000000
-0.0402375385 0.0000000000
-0.0624327958 0.0000000000
-0.0429507643 0.0000000000
-0.0429507643 0.0000000000
-0.0401472747 0.0000000000
-0.0337669104 0.0000000000
-0.0314159803 0.0000000000
-0.0314159803 0.0000000000
-0.0402375385 0.0000000000
-0.0959890559 0.0000000000
-0.0493803844 0.0000000000
-0.0493803844 0.0000000000
-0.0337669104 0.0000000000
-0.0624327958 0.0000000000
-0.0429507643 0.0000000000
-0.0429507643 0.0000000000
-0.0402375385 0.0000000000
-0.0624327958 0.0000000000
-0.0429507643 0.0000000000
-0.0337669104 0.0000000000
-0.0314159803 0.0000000000
-0.0429507643 0.0000000000
-0.0401472747 0.0000000000
-0.0314159803 0.0000000000
-0.0402375385 0.0000000000
-0.0624327958 0.0000000000
-0.0337669104 0.0000000000
-0.0429507643 0.0000000000
-0.0314159803 0.0000000000
-0.0429507643 0.0000000000
-0.0314159803 0.0000000000
-0.0401472747 0.0000000000
-0.0402375385 0.0000000000
-0.0550352670 0.0000000000
-0.0402375385 0.0000000000
-0.0402375385 0.0000000000
-0.0402375385 0.0000000000
-0.0402375385 0.0000000000
-0.0402375385 0.0000000000
-0.0402375385 0.0000000000
-0.0550352670 0.0000000000
-0.0959890559 0.0000000000
-0.0624327958 0.0000000000
-0.0493803844 0.0000000000
-0.0429507643 0.0000000000
-0.0493803844 0.0000000000
-0.0429507643 0.0000000000
-0.0337669104 0.0000000000
-0.0402375385 0.0000000000
-0.0624327958 0.0000000000
-0.0550352670 0.0000000000
-0.0337669104 0.0000000000
-0.0402375385 0.0000000000
-0.0337669104 0.0000000000
-0.0402375385 0.0000000000
-0.0246013403 0.0000000000
-0.0401472747 0.0000000000
-0.0493803844 0.0000000000
-0.0337669104 0.0000000000
-0.0337669104 0.0000000000
-0.0314159803 0.0000000000
-0.0265920218 0.0000000000
-0.0246083736 0.0000000000
-0.0246083736 0.0000000000
-0.0314159803 0.0000000000
-0.0429507643 0.0000000000
-0.0402375385 0.0000000000
-0.0314159803 0.0000000000
-0.0402375385 0.0000000000
-0.0246083736 0.0000000000
-0.0314159803 0.0000000000
-0.0246083736 0.0000000000
-0.0429507643 0.0000000000
-0.0493803844 0.0000000000
-0.0337669104 0.0000000000
-0.0265920218 0.0000000000
-0.0246083736 0.0000000000
-0.0337669104 0.0000000000
-0.0314159803 0.0000000000
-0.0246083736 0.0000000000
-0.0314159803 0.0000000000
-0.0429507643 0.0000000000
-0.0402375385 0.0000000000
-0.0246083736 0.0000000000
-0.0314159803 0.0000000000
-0.0314159803 0.0000000000
-0.0402375385 0.0000000000
-0.0246083736 0.0000000000
-0.0429507643 0.0000000000
-0.0337669104 0.0000000000
-0.0246013403 0.0000000000
-0.0246083736 0.0000000000
-0.0246083736 0.0000000000
-0.0246083736 0.0000000000
-0.0246083736 0.0000000000
-0.0246013403 0.0000000000
-0.0337669104 0.0000000000
-0.0402375385 0.0000000000
-0.0401472747 0.0000000000
-0.0314159803 0.0000000000
-0.0429507643 0.0000000000
-0.0314159803 0.0000000000
-0.0429507643 0.0000000000
-0.0337669104 0.0000000000
-0.0624327958 0.0000000000
-0.0959890559 0.0000000000
-0.0493803844 0.0000000000
-0.0624327958 0.0000000000
-0.0429507643 0.0000000000
-0.0493803844 0.0000000000
-0.0337669104 0.0000000000
-0.0429507643 0.0000000000
-0.0402375385 0.0000000000
-0.0493803844 0.0000000000
-0.0337669104 0.0000000000
-0.0337669104 0.0000000000
-0.0314159803 0.0000000000
-0.0265920218 0.0000000000
-0.0246083736 0.0000000000
-0.0246083736 0.0000000000
-0.0314159803 0.0000000000
-0.0624327958 0.0000000000
-0.0337669104 0.0000000000
-0.0550352670 0.0000000000
-0.0402375385 0.0000000000
-0.0337669104 0.0000000000
-0.0246013403 0.0000000000
-0.0402375385 0.0000000000
-0.0401472747 0.0000000000
-0.0429507643 0.0000000000
-0.0314159803 0.0000000000
-0.0402375385 0.0000000000
-0.0402375385 0.0000000000
-0.0246083736 0.0000000000
-0.0246083736 0.0000000000
-0.0314159803 0.0000000000
-0.0429507643 0.0000000000
-0.0493803844 0.0000000000
-0.0265920218 0.0000000000
-0.0337669104 0.0000000000
-0.0246083736 0.0000000000
-0.0337669104 0.0000000000
-0.0246083736 0.0000000000
-0.0314159803 0.0000000000
-0.0314159803 0.0000000000
-0.0337669104 0.0000000000
-0.0246083736 0.0000000000
-0.0246013403 0.0000000000
-0.0246083736 0.0000000000
-0.0246083736 0.0000000000
-0.0246013403 0.0000000000
-0.0246083736 0.0000000000
-0.0337669104 0.0000000000
-0.0429507643 0.0000000000
-0.0246083736 0.0000000000
-0.0402375385 0.0000000000
-0.0314159803 0.0000000000
-0.0314159803 0.0000000000
-0.0246083736 0.0000000000
-0.0402375385 0.0000000000
-0.0429507643 0.0000000000
-0.0402375385 0.0000000000
-0.0314159803 0.0000000000
-0.0401472747 0.0000000000
-0.0429507643 0.0000000000
-0.0314159803 0.0000000000
-0.0337669104 0.0000000000
-0.0429507643 0.0000000000
-0.0624327958 0.0000000000
-0.0624327958 0.0000000000
-0.0429507643 0.0000000000
-0.0429507643 0.0000000000
-0.0401472747 0.0000000000
-0.0337669104 0.0000000000
-0.0314159803 0.0000000000
-0.0314159803 0.0000000000
-0.0402375385 0.0000000000
-0.0429507643 0.0000000000
-0.0402375385 0.0000000000
-0.0314159803 0.0000000000
-0.0402375385 0.0000000000
-0.0246083736 0.0000000000
-0.0314159803 0.0000000000
-0.0246083736 0.0000000000
-0.0429507643 0.0000000000
-0.0429507643 0.0000000000
-0.0314159803 0.0000000000
-0.0402375385 0.0000000000
-0.0402375385 0.0000000000
-0.0246083736 0.0000000000
-0.0246083736 0.0000000000
-0.0314159803 0.0000000000
-0.0429507643 0.0000000000
-0.0401472747 0.0000000000
-0.0402375385 0.0000000000
-0.0402375385 0.0000000000
-0.0550352670 0.0000000000
-0.0246013403 0.0000000000
-0.0337669104 0.0000000000
-0.0337669104 0.0000000000
-0.0624327958 0.0000000000
-0.0337669104 0.0000000000
-0.0246083736 0.0000000000
-0.0246083736 0.0000000000
-0.0246013403 0.0000000000
-0.0246013403 0.0000000000
-0.0246083736 0.0000000000
-0.0246083736 0.0000000000
-0.0337669104 0.0000000000
-0.0314159803 0.0000000000
-0.0314159803 0.0000000000
-0.0246083736 0.0000000000
-0.0337669104 0.0000000000
-0.0246083736 0.0000000000
-0.0337669104 0.0000000000
-0.0265920218 0.0000000000
-0.0493803844 0.0000000000
-0.0314159803 0.0000000000
-0.0246083736 0.0000000000
-0.0314159803 0.0000000000
-0.0337669104 0.0000000000
-0.0246083736 0.0000000000
-0.0265920218 0.0000000000
-0.0337669104 0.0000000000
-0.0493803844 0.0000000000
-0.0402375385 0.0000000000
-0.0429507643 0.0000000000
-0.0429507643 0.0000000000
-0.0624327958 0.0000000000
-0.0337669104 0.0000000000
-0.0493803844 0.0000000000
-0.0493803844 0.0000000000
-0.0959890559 0.0000000000
-0.0959890559 0.0000000000
-0.0493803844 0.0000000000
-0.0493803844 0.0000000000
-0.0337669104 0.0000000000
-0.0624327958 0.0000000000
-0.0429507643 0.0000000000
-0.0429507643 0.0000000000
-0.0402375385 0.0000000000
-0.0493803844 0.0000000000
-0.0337669104 0.0000000000
-0.0265920218 0.0000000000
-0.0246083736 0.0000000000
-0.0337669104 0.0000000000
-0.0314159803 0.0000000000
-0.0246083736 0.0000000000
-0.0314159803 0.0000000000
-0.0493803844 0.0000000000
-0.0265920218 0.0000000000
-0.0337669104 0.0000000000
-0.0246083736 0.0000000000
-0.0337669104 0.0000000000
-0.0246083736 0.0000000000
-0.0314159803 0.0000000000
-0.0314159803 0.0000000000
-0.0337669104 0.0000000000
-0.0246083736 0.0000000000
-0.0246083736 0.0000000000
-0.0246013403 0.0000000000
-0.0246013403 0.0000000000
-0.0246083736 0.0000000000
-0.0246083736 0.0000000000
-0.0337669104 0.0000000000
-0.0624327958 0.0000000000
-0.0337669104 0.0000000000
-0.0337669104 0.0000000000
-0.0246013403 0.0000000000
-0.0550352670 0.0000000000
-0.0402375385 0.0000000000
-0.0402375385 0.0000000000
-0.0401472747 0.0000000000
-0.0429507643 0.0000000000
-0.0314159803 0.0000000000
-0.0246083736 0.0000000000
-0.0246083736 0.0000000000
-0.0402375385 0.0000000000
-0.0402375385 0.0000000000
-0.0314159803 0.0000000000
-0.0429507643 0.0000000000
-0.0429507643 0.0000000000
-0.0246083736 0.0000000000
-0.0314159803 0.0000000000
-0.0246083736 0.0000000000
-0.0402375385 0.0000000000
-0.0314159803 0.0000000000
-0.0402375385 0.0000000000
-0.0429507643 0.0000000000
-0.0402375385 0.0000000000
-0.0314159803 0.0000000000
-0.0314159803 0.0000000000
-0.0337669104 0.0000000000
-0.0401472747 0.0000000000
-0.0429507643 0.0000000000
-0.0429507643 0.0000000000
-0.0624327958 0.0000000000
-0.0624327958 0.0000000000
-0.0429507643 0.0000000000
-0.0337669104 0.0000000000
-0.0314159803 0.0000000000
-0.0429507643 0.0000000000
-0.0401472747 0.0000000000
-0.0314159803 0.0000000000
-0.0402375385 0.0000000000
-0.0429507643 0.0000000000
-0.0402375385 0.0000000000
-0.0246083736 0.0000000000
-0.0314159803 0.0000000000
-0.0314159803 0.0000000000
-0.0402375385 0.0000000000
-0.0246083736 0.0000000000
-0.0429507643 0.0000000000
-0.0337669104 0.0000000000
-0.0246083736 0.0000000000
-0.0246013403 0.0000000000
-0.0246083736 0.0000000000
-0.0246083736 0.0000000000
-0.0246013403 0.0000000000
-0.0246083736 0.0000000000
-0.0337669104 0.0000000000
-0.0314159803 0.0000000000
-0.0314159803 0.0000000000
-0.0246083736 0.0000000000
-0.0337669104 0.0000000000
-0.0246083736 0.0000000000
-0.0337669104 0.0000000000
-0.0265920218 0.0000000000
-0.0493803844 0.0000000000
-0.0429507643 0.0000000000
-0.0314159803 0.0000000000
-0.0246083736 0.0000000000
-0.0246083736 0.0000000000
-0.0402375385 0.0000000000
-0.0402375385 0.0000000000
-0.0314159803 0.0000000000
-0.0429507643 0.0000000000
-0.0401472747 0.0000000000
-0.0402375385 0.0000000000
-0.0246013403 0.0000000000
-0.0337669104 0.0000000000
-0.0402375385 0.0000000000
-0.0550352670 0.0000000000
-0.0337669104 0.0000000000
-0.0624327958 0.0000000000
-0.0314159803 0.0000000000
-0.0246083736 0.0000000000
-0.0246083736 0.0000000000
-0.0265920218 0.0000000000
-0.0314159803 0.0000000000
-0.0337669104 0.0000000000
-0.0337669104 0.0000000000
-0.0493803844 0.0000000000
-0.0402375385 0.0000000000
-0.0429507643 0.0000000000
-0.0337669104 0.0000000000
-0.0493803844 0.0000000000
-0.0429507643 0.0000000000
-0.0624327958 0.0000000000
-0.0493803844 0.0000000000
-0.0959890559 0.0000000000
-0.0624327958 0.0000000000
-0.0337669104 0.0000000000
-0.0429507643 0.0000000000
-0.0314159803 0.0000000000
-0.0429507643 0.0000000000
-0.0314159803 0.0000000000
-0.0401472747 0.0000000000
-0.0402375385 0.0000000000
-0.0337669104 0.0000000000
-0.0246013403 0.0000000000
-0.0246083736 0.0000000000
-0.0246083736 0.0000000000
-0.0246083736 0.0000000000
-0.0246083736 0.0000000000
-0.0246013403 0.0000000000
-0.0337669104 0.0000000000
-0.0429507643 0.0000000000
-0.0246083736 0.0000000000
-0.0402375385 0.0000000000
-0.0314159803 0.0000000000
-0.0314159803 0.0000000000
-0.0246083736 0.0000000000
-0.0402375385 0.0000000000
-0.0429507643 0.0000000000
-0.0314159803 0.0000000000
-0.0246083736 0.0000000000
-0.0314159803 0.0000000000
-0.0337669104 0.0000000000
-0.0246083736 0.0000000000
-0.0265920218 0.0000000000
-0.0337669104 0.0000000000
-0.0493803844 0.0000000000
-0.0429507643 0.0000000000
-0.0246083736 0.0000000000
-0.0314159803 0.0000000000
-0.0246083736 0.0000000000
-0.0402375385 0.0000000000
-0.0314159803 0.0000000000
-0.0402375385 0.0000000000
-0.0429507643 0.0000000000
-0.0314159803 0.0000000000
-0.0246083736 0.0000000000
-0.0246083736 0.0000000000
-0.0265920218 0.0000000000
-0.0314159803 0.0000000000
-0.0337669104 0.0000000000
-0.0337669104 0.0000000000
-0.0493803844 0.0000000000
-0.0401472747 0.0000000000
-0.0246013403 0.0000000000
-0.0402375385 0.0000000000
-0.0337669104 0.0000000000
-0.0402375385 0.0000000000
-0.0337669104 0.0000000000
-0.0550352670 0.0000000000
-0.0624327958 0.0000000000
-0.0402375385 0.0000000000
-0.0337669104 0.0000000000
-0.0429507643 0.0000000000
-0.0493803844 0.0000000000
-0.0429507643 0.0000000000
-0.0493803844 0.0000000000
-0.0624327958 0.0000000000
-0.0959890559 0.0000000000
-0.0550352670 0.0000000000
-0.0402375385 0.0000000000
-0.0402375385 0.0000000000
-0.0402375385 0.0000000000
-0.0402375385 0.0000000000
-0.0402375385 0.0000000000
-0.0402375385 0.0000000000
-0.0550352670 0.0000000000
-0.0402375385 0.0000000000
-0.0401472747 0.0000000000
-0.0314159803 0.0000000000
-0.0429507643 0.0000000000
-0.0314159803 0.0000000000
-0.0429507643 0.0000000000
-0.0337669104 0.0000000000
-0.0624327958 0.0000000000
-0.0402375385 0.0000000000
-0.0314159803 0.0000000000
-0.0401472747 0.0000000000
-0.0429507643 0.0000000000
-0.0314159803 0.0000000000
-0.0337669104 0.0000000000
-0.0429507643 0.0000000000
-0.0624327958 0.0000000000
-0.0402375385 0.0000000000
-0.0429507643 0.0000000000
-0.0429507643 0.0000000000
-0.0624327958 0.0000000000
-0.0337669104 0.0000000000
-0.0493803844 0.0000000000
-0.0493803844 0.0000000000
-0.0959890559 0.0000000000
-0.0402375385 0.0000000000
-0.0314159803 0.0000000000
-0.0314159803 0.0000000000
-0.0337669104 0.0000000000
-0.0401472747 0.0000000000
-0.0429507643 0.0000000000
-0.0429507643 0.0000000000
-0.0624327958 0.0000000000
-0.0402375385 0.0000000000
-0.0429507643 0.0000000000
-0.0337669104 0.0000000000
-0.0493803844 0.0000000000
-0.0429507643 0.0000000000
-0.0624327958 0.0000000000
-0.0493803844 0.0000000000
-0.0959890559 0.0000000000
-0.0402375385 0.0000000000
-0.0337669104 0.0000000000
-0.0429507643 0.0000000000
-0.0493803844 0.0000000000
-0.0429507643 0.0000000000
-0.0493803844 0.0000000000
-0.0624327958 0.0000000000
-0.0959890559 0.0000000000
-0.0550352670 0.0000000000
-0.0624327958 0.0000000000
-0.0624327958 0.0000000000
-0.0959890559 0.0000000000
-0.0624327958 0.0000000000
-0.0959890559 0.0000000000
-0.0959890559 0.0000000000
-0.1938456297 0.0000000000
