0.6577126384 0.0000000000
0.0826793611 0.0000000000
0.0826793611 0.0000000000
0.0138815874 0.0000000000
0.0826793611 0.0000000000
0.0138815874 0.0000000000
0.0138815874 0.0000000000
0.0035364626 0.0000000000
0.0826793611 0.0000000000
0.0138815874 0.0000000000
0.0104341479 0.0000000000
0.0024536874 0.0000000000
0.0104341479 0.0000000000
0.0024536874 0.0000000000
0.0017871351 0.0000000000
0.0007989709 0.0000000000
0.0826793611 0.0000000000
0.0104341479 0.0000000000
0.0138815874 0.0000000000
0.0024536874 0.0000000000
0.0104341479 0.0000000000
0.0017871351 0.0000000000
0.0024536874 0.0000000000
0.0007989709 0.0000000000
0.0138815874 0.0000000000
0.0024536874 0.0000000000
0.0024536874 0.0000000000
0.0007814232 0.0000000000
0.0017871351 0.0000000000
0.0005385627 0.0000000000
0.0005385627 0.0000000000
0.0007989709 0.0000000000
0.0826793611 0.0000000000
0.0104341479 0.0000000000
0.0104341479 0.0000000000
0.0017871351 0.0000000000
0.0138815874 0.0000000000
0.0024536874 0.0000000000
0.0024536874 0.0000000000
0.0007989709 0.0000000000
0.0138815874 0.0000000000
0.0024536874 0.0000000000
0.0017871351 0.0000000000
0.0005385627 0.0000000000
0.0024536874 0.0000000000
0.0007814232 0.0000000000
0.0005385627 0.0000000000
0.0007989709 0.0000000000
0.0138815874 0.0000000000
0.0017871351 0.0000000000
0.0024536874 0.0000000000
0.0005385627 0.0000000000
0.0024536874 0.0000000000
0.0005385627 0.0000000000
0.0007814232 0.0000000000
0.0007989709 0.0000000000
0.0035364626 0.0000000000
0.0007989709 0.0000000000
0.0007989709 0.0000000000
0.0007989709 0.0000000000
0.0007989709 0.0000000000
0.0007989709 0.0000000000
0.0007989709 0.0000000000
0.0035364626 0.0000000000
0.0826793611 0.0000000000
0.0138815874 0.0000000000
0.0104341479 0.0000000000
0.0024536874 0.0000000000
0.0104341479 0.0000000000
0.0024536874 0.0000000000
0.0017871351 0.0000000000
0.0007989709 0.0000000000
0.0138815874 0.0000000000
0.0035364626 0.0000000000
0.0017871351 0.0000000000
0.0007989709 0.0000000000
0.0017871351 0.0000000000
0.0007989709 0.0000000000
0.0003762150 0.0000000000
0.0007814232 0.0000000000
0.0104341479 0.0000000000
0.0017871351 0.0000000000
0.0017871351 0.0000000000
0.0005385627 0.0000000000
0.0013365644 0.0000000000
0.0003812080 0.0000000000
0.0003812080 0.0000000000
0.0005385627 0.0000000000
0.0024536874 0.0000000000
0.0007989709 0.0000000000
0.0005385627 0.0000000000
0.0007989709 0.0000000000
0.0003812080 0.0000000000
0.0005385627 0.0000000000
0.0003812080 0.0000000000
0.0024536874 0.0000000000
0.0104341479 0.0000000000
0.0017871351 0.0000000000
0.0013365644 0.0000000000
0.0003812080 0.0000000000
0.0017871351 0.0000000000
0.0005385627 0.0000000000
0.0003812080 0.0000000000
0.0005385627 0.0000000000
0.0024536874 0.0000000000
0.0007989709 0.0000000000
0.0003812080 0.0000000000
0.0005385627 0.0000000000
0.0005385627 0.0000000000
0.0007989709 0.0000000000
0.0003812080 0.0000000000
0.0024536874 0.0000000000
0.0017871351 0.0000000000
0.0003762150 0.0000000000
0.0003812080 0.0000000000
0.0003812080 0.0000000000
0.0003812080 0.0000000000
0.0003812080 0.0000000000
0.0003762150 0.0000000000
0.0017871351 0.0000000000
0.0007989709 0.0000000000
0.0007814232 0.0000000000
0.0005385627 0.0000000000
0.0024536874 0.0000000000
0.0005385627 0.0000000000
0.0024536874 0.0000000000
0.0017871351 0.0000000000
0.0138815874 0.0000000000
0.0826793611 0.0000000000
0.0104341479 0.0000000000
0.0138815874 0.0000000000
0.0024536874 0.0000000000
0.0104341479 0.0000000000
0.0017871351 0.0000000000
0.0024536874 0.0000000000
0.0007989709 0.0000000000
0.0104341479 0.0000000000
0.0017871351 0.0000000000
0.0017871351 0.0000000000
0.0005385627 0.0000000000
0.0013365644 0.0000000000
0.0003812080 0.0000000000
0.0003812080 0.0000000000
0.0005385627 0.0000000000
0.0138815874 0.0000000000
0.0017871351 0.0000000000
0.0035364626 0.0000000000
0.0007989709 0.0000000000
0.0017871351 0.0000000000
0.0003762150 0.0000000000
0.0007989709 0.0000000000
0.0007814232 0.0000000000
0.0024536874 0.0000000000
0.0005385627 0.0000000000
0.0007989709 0.0000000000
0.0007989709 0.0000000000
0.0003812080 0.0000000000
0.0003812080 0.0000000000
0.0005385627 0.0000000000
0.0024536874 0.0000000000
0.0104341479 0.0000000000
0.0013365644 0.0000000000
0.0017871351 0.0000000000
0.0003812080 0.0000000000
0.0017871351 0.0000000000
0.0003812080 0.0000000000
0.0005385627 0.0000000000
0.0005385627 0.0000000000
0.0017871351 0.0000000000
0.0003812080 0.0000000000
0.0003762150 0.0000000000
0.0003812080 0.0000000000
0.0003812080 0.0000000000
0.0003762150 0.0000000000
0.0003812080 0.0000000000
0.0017871351 0.0000000000
0.0024536874 0.0000000000
0.0003812080 0.0000000000
0.0007989709 0.0000000000
0.0005385627 0.0000000000
0.0005385627 0.0000000000
0.0003812080 0.0000000000
0.0007989709 0.0000000000
0.0024536874 0.0000000000
0.0007989709 0.0000000000
0.0005385627 0.0000000000
0.0007814232 0.0000000000
0.0024536874 0.0000000000
0.0005385627 0.0000000000
0.0017871351 0.0000000000
0.0024536874 0.0000000000
0.0138815874 0.0000000000
0.0138815874 0.0000000000
0.0024536874 0.0000000000
0.0024536874 0.0000000000
0.0007814232 0.0000000000
0.0017871351 0.0000000000
0.0005385627 0.0000000000
0.0005385627 0.0000000000
0.0007989709 0.0000000000
0.0024536874 0.0000000000
0.0007989709 0.0000000000
0.0005385627 0.0000000000
0.0007989709 0.0000000000
0.0003812080 0.0000000000
0.0005385627 0.0000000000
0.0003812080 0.0000000000
0.0024536874 0.0000000000
0.0024536874 0.0000000000
0.0005385627 0.0000000000
0.0007989709 0.0000000000
0.0007989709 0.0000000000
0.0003812080 0.0000000000
0.0003812080 0.0000000000
0.0005385627 0.0000000000
0.0024536874 0.0000000000
0.0007814232 0.0000000000
0.0007989709 0.0000000000
0.0007989709 0.0000000000
0.0035364626 0.0000000000
0.0003762150 0.0000000000
0.0017871351 0.0000000000
0.0017871351 0.0000000000
0.0138815874 0.0000000000
0.0017871351 0.0000000000
0.0003812080 0.0000000000
0.0003812080 0.0000000000
0.0003762150 0.0000000000
0.0003762150 0.0000000000
0.0003812080 0.0000000000
0.0003812080 0.0000000000
0.0017871351 0.0000000000
0.0005385627 0.0000000000
0.0005385627 0.0000000000
0.0003812080 0.0000000000
0.0017871351 0.0000000000
0.0003812080 0.0000000000
0.0017871351 0.0000000000
0.0013365644 0.0000000000
0.0104341479 0.0000000000
0.0005385627 0.0000000000
0.0003812080 0.0000000000
0.0005385627 0.0000000000
0.0017871351 0.0000000000
0.0003812080 0.0000000000
0.0013365644 0.0000000000
0.0017871351 0.0000000000
0.0104341479 0.0000000000
0.0007989709 0.0000000000
0.0024536874 0.0000000000
0.0024536874 0.0000000000
0.0138815874 0.0000000000
0.0017871351 0.0000000000
0.0104341479 0.0000000000
0.0104341479 0.0000000000
0.0826793611 0.0000000000
0.0826793611 0.0000000000
0.0104341479 0.0000000000
0.0104341479 0.0000000000
0.0017871351 0.0000000000
0.0138815874 0.0000000000
0.0024536874 0.0000000000
0.0024536874 0.0000000000
0.0007989709 0.0000000000
0.0104341479 0.0000000000
0.0017871351 0.0000000000
0.0013365644 0.0000000000
0.0003812080 0.0000000000
0.0017871351 0.0000000000
0.0005385627 0.0000000000
0.0003812080 0.0000000000
0.0005385627 0.0000000000
0.0104341479 0.0000000000
0.0013365644 0.0000000000
0.0017871351 0.0000000000
0.0003812080 0.0000000000
0.0017871351 0.0000000000
0.0003812080 0.0000000000
0.0005385627 0.0000000000
0.0005385627 0.0000000000
0.0017871351 0.0000000000
0.0003812080 0.0000000000
0.0003812080 0.0000000000
0.0003762150 0.0000000000
0.0003762150 0.0000000000
0.0003812080 0.0000000000
0.0003812080 0.0000000000
0.0017871351 0.0000000000
0.0138815874 0.0000000000
0.0017871351 0.0000000000
0.0017871351 0.0000000000
0.0003762150 0.0000000000
0.0035364626 0.0000000000
0.0007989709 0.0000000000
0.0007989709 0.0000000000
0.0007814232 0.0000000000
0.0024536874 0.0000000000
0.0005385627 0.0000000000
0.0003812080 0.0000000000
0.0003812080 0.0000000000
0.0007989709 0.0000000000
0.0007989709 0.0000000000
0.0005385627 0.0000000000
0.0024536874 0.0000000000
0.0024536874 0.0000000000
0.0003812080 0.0000000000
0.0005385627 0.0000000000
0.0003812080 0.0000000000
0.0007989709 0.0000000000
0.0005385627 0.0000000000
0.0007989709 0.0000000000
0.0024536874 0.0000000000
0.0007989709 0.0000000000
0.0005385627 0.0000000000
0.0005385627 0.0000000000
0.0017871351 0.0000000000
0.0007814232 0.0000000000
0.0024536874 0.0000000000
0.0024536874 0.0000000000
0.0138815874 0.0000000000
0.0138815874 0.0000000000
0.0024536874 0.0000000000
0.0017871351 0.0000000000
0.0005385627 0.0000000000
0.0024536874 0.0000000000
0.0007814232 0.0000000000
0.0005385627 0.0000000000
0.0007989709 0.0000000000
0.0024536874 0.0000000000
0.0007989709 0.0000000000
0.0003812080 0.0000000000
0.0005385627 0.0000000000
0.0005385627 0.0000000000
0.0007989709 0.0000000000
0.0003812080 0.0000000000
0.0024536874 0.0000000000
0.0017871351 0.0000000000
0.0003812080 0.0000000000
0.0003762150 0.0000000000
0.0003812080 0.0000000000
0.0003812080 0.0000000000
0.0003762150 0.0000000000
0.0003812080 0.0000000000
0.0017871351 0.0000000000
0.0005385627 0.0000000000
0.0005385627 0.0000000000
0.0003812080 0.0000000000
0.0017871351 0.0000000000
0.0003812080 0.0000000000
0.0017871351 0.0000000000
0.0013365644 0.0000000000
0.0104341479 0.0000000000
0.0024536874 0.0000000000
0.0005385627 0.0000000000
0.0003812080 0.0000000000
0.0003812080 0.0000000000
0.0007989709 0.0000000000
0.0007989709 0.0000000000
0.0005385627 0.0000000000
0.0024536874 0.0000000000
0.0007814232 0.0000000000
0.0007989709 0.0000000000
0.0003762150 0.0000000000
0.0017871351 0.0000000000
0.0007989709 0.0000000000
0.0035364626 0.0000000000
0.0017871351 0.0000000000
0.0138815874 0.0000000000
0.0005385627 0.0000000000
0.0003812080 0.0000000000
0.0003812080 0.0000000000
0.0013365644 0.0000000000
0.0005385627 0.0000000000
0.0017871351 0.0000000000
0.0017871351 0.0000000000
0.0104341479 0.0000000000
0.0007989709 0.0000000000
0.0024536874 0.0000000000
0.0017871351 0.0000000000
0.0104341479 0.0000000000
0.0024536874 0.0000000000
0.0138815874 0.0000000000
0.0104341479 0.0000000000
0.0826793611 0.0000000000
0.0138815874 0.0000000000
0.0017871351 0.0000000000
0.0024536874 0.0000000000
0.0005385627 0.0000000000
0.0024536874 0.0000000000
0.0005385627 0.0000000000
0.0007814232 0.0000000000
0.0007989709 0.0000000000
0.0017871351 0.0000000000
0.0003762150 0.0000000000
0.0003812080 0.0000000000
0.0003812080 0.0000000000
0.0003812080 0.0000000000
0.0003812080 0.0000000000
0.0003762150 0.0000000000
0.0017871351 0.0000000000
0.0024536874 0.0000000000
0.0003812080 0.0000000000
0.0007989709 0.0000000000
0.0005385627 0.0000000000
0.0005385627 0.0000000000
0.0003812080 0.0000000000
0.0007989709 0.0000000000
0.0024536874 0.0000000000
0.0005385627 0.0000000000
0.0003812080 0.0000000000
0.0005385627 0.0000000000
0.0017871351 0.0000000000
0.0003812080 0.0000000000
0.0013365644 0.0000000000
0.0017871351 0.0000000000
0.0104341479 0.0000000000
0.0024536874 0.0000000000
0.0003812080 0.0000000000
0.0005385627 0.0000000000
0.0003812080 0.0000000000
0.0007989709 0.0000000000
0.0005385627 0.0000000000
0.0007989709 0.0000000000
0.0024536874 0.0000000000
0.0005385627 0.0000000000
0.0003812080 0.0000000000
0.0003812080 0.0000000000
0.0013365644 0.0000000000
0.0005385627 0.0000000000
0.0017871351 0.0000000000
0.0017871351 0.0000000000
0.0104341479 0.0000000000
0.0007814232 0.0000000000
0.0003762150 0.0000000000
0.0007989709 0.0000000000
0.0017871351 0.0000000000
0.0007989709 0.0000000000
0.0017871351 0.0000000000
0.0035364626 0.0000000000
0.0138815874 0.0000000000
0.0007989709 0.0000000000
0.0017871351 0.0000000000
0.0024536874 0.0000000000
0.0104341479 0.0000000000
0.0024536874 0.0000000000
0.0104341479 0.0000000000
0.0138815874 0.0000000000
0.0826793611 0.0000000000
0.0035364626 0.0000000000
0.0007989709 0.0000000000
0.0007989709 0.0000000000
0.0007989709 0.0000000000
0.0007989709 0.0000000000
0.0007989709 0.0000000000
0.0007989709 0.0000000000
0.0035364626 0.0000000000
0.0007989709 0.0000000000
0.0007814232 0.0000000000
0.0005385627 0.0000000000
0.0024536874 0.0000000000
0.0005385627 0.0000000000
0.0024536874 0.0000000000
0.0017871351 0.0000000000
0.0138815874 0.0000000000
0.0007989709 0.0000000000
0.0005385627 0.0000000000
0.0007814232 0.0000000000
0.0024536874 0.0000000000
0.0005385627 0.0000000000
0.0017871351 0.0000000000
0.0024536874 0.0000000000
0.0138815874 0.0000000000
0.0007989709 0.0000000000
0.0024536874 0.0000000000
0.0024536874 0.0000000000
0.0138815874 0.0000000000
0.0017871351 0.0000000000
0.0104341479 0.0000000000
0.0104341479 0.0000000000
0.0826793611 0.0000000000
0.0007989709 0.0000000000
0.0005385627 0.0000000000
0.0005385627 0.0000000000
0.0017871351 0.0000000000
0.0007814232 0.0000000000
0.0024536874 0.0000000000
0.0024536874 0.0000000000
0.0138815874 0.0000000000
0.0007989709 0.0000000000
0.0024536874 0.0000000000
0.0017871351 0.0000000000
0.0104341479 0.0000000000
0.0024536874 0.0000000000
0.0138815874 0.0000000000
0.0104341479 0.0000000000
0.0826793611 0.0000000000
0.0007989709 0.0000000000
0.0017871351 0.0000000000
0.0024536874 0.0000000000
0.0104341479 0.0000000000
0.0024536874 0.0000000000
0.0104341479 0.0000000000
0.0138815874 0.0000000000
0.0826793611 0.0000000000
0.0035364626 0.0000000000
0.0138815874 0.0000000000
0.0138815874 0.0000000000
0.0826793611 0.0000000000
0.0138815874 0.0000000000
0.0826793611 0.0000000000
0.0826793611 0.0000000000
0.6577126384 0.0000000000
