0.1637552679 0.0000000000
0.0882963315 0.0000000000
0.0882963315 0.0000000000
0.0611452088 0.0000000000
0.0882963315 0.0000000000
0.0611452088 0.0000000000
0.0611452088 0.0000000000
0.0555648245 0.0000000000
0.0882963315 0.0000000000
0.0611452088 0.0000000000
0.0491846390 0.0000000000
0.0442691669 0.0000000000
0.0491846390 0.0000000000
0.0442691669 0.0000000000
0.0354626291 0.0000000000
0.0421503820 0.0000000000
0.0882963315 0.0000000000
0.0491846390 0.0000000000
0.0611452088 0.0000000000
0.0442691669 0.0000000000
0.0491846390 0.0000000000
0.0354626291 0.0000000000
0.0442691669 0.0000000000
0.0421503820 0.0000000000
0.0611452088 0.0000000000
0.0442691669 0.0000000000
0.0442691669 0.0000000000
0.0420796126 0.0000000000
0.0354626291 0.0000000000
0.0336007811 0.0000000000
0.0336007811 0.0000000000
0.0421503820 0.0000000000
0.0882963315 0.0000000000
0.0491846390 0.0000000000
0.0491846390 0.0000000000
0.0354626291 0.0000000000
0.0611452088 0.0000000000
0.0442691669 0.0000000000
0.0442691669 0.0000000000
0.0421503820 0.0000000000
0.0611452088 0.0000000000
0.0442691669 0.0000000000
0.0354626291 0.0000000000
0.0336007811 0.0000000000
0.0442691669 0.0000000000
0.0420796126 0.0000000000
0.0336007811 0.0000000000
0.0421503820 0.0000000000
0.0611452088 0.0000000000
0.0354626291 0.0000000000
0.0442691669 0.0000000000
0.0336007811 0.0000000000
0.0442691669 0.0000000000
0.0336007811 0.0000000000
0.0420796126 0.0000000000
0.0421503820 0.0000000000
0.0555648245 0.0000000000
0.0421503820 0.0000000000
0.0421503820 0.0000000000
0.0421503820 0.0000000000
0.0421503820 0.0000000000
0.0421503820 0.0000000000
0.0421503820 0.0000000000
0.0555648245 0.0000000000
0.0882963315 0.0000000000
0.0611452088 0.0000000000
0.0491846390 0.0000000000
0.0442691669 0.0000000000
0.0491846390 0.0000000000
0.0442691669 0.0000000000
0.0354626291 0.0000000000
0.0421503820 0.0000000000
0.0611452088 0.0000000000
0.0555648245 0.0000000000
0.0354626291 0.0000000000
0.0421503820 0.0000000000
0.0354626291 0.0000000000
0.0421503820 0.0000000000
0.0268430542 0.0000000000
0.0420796126 0.0000000000
0.0491846390 0.0000000000
0.0354626291 0.0000000000
0.0354626291 0.0000000000
0.0336007811 0.0000000000
0.0284389127 0.0000000000
0.0268478561 0.0000000000
0.0268478561 0.0000000000
0.0336007811 0.0000000000
0.0442691669 0.0000000000
0.0421503820 0.0000000000
0.0336007811 0.0000000000
0.0421503820 0.0000000000
0.0268478561 0.0000000000
0.0336007811 0.0000000000
0.0268478561 0.0000000000
0.0442691669 0.0000000000
0.0491846390 0.0000000000
0.0354626291 0.0000000000
0.0284389127 0.0000000000
0.0268478561 0.0000000000
0.0354626291 0.0000000000
0.0336007811 0.0000000000
0.0268478561 0.0000000000
0.0336007811 0.0000000000
0.0442691669 0.0000000000
0.0421503820 0.0000000000
0.0268478561 0.0000000000
0.0336007811 0.0000000000
0.0336007811 0.0000000000
0.0421503820 0.0000000000
0.0268478561 0.0000000000
0.0442691669 0.0000000000
0.0354626291 0.0000000000
0.0268430542 0.0000000000
0.0268478561 0.0000000000
0.0268478561 0.0000000000
0.0268478561 0.0000000000
0.0268478561 0.0000000000
0.0268430542 0.0000000000
0.0354626291 0.0000000000
0.0421503820 0.0000000000
0.0420796126 0.0000000000
0.0336007811 0.0000000000
0.0442691669 0.0000000000
0.0336007811 0.0000000000
0.0442691669 0.0000000000
0.0354626291 0.0000000000
0.0611452088 0.0000000000
0.0882963315 0.0000000000
0.0491846390 0.0000000000
0.0611452088 0.0000000000
0.0442691669 0.0000000000
0.0491846390 0.0000000000
0.0354626291 0.0000000000
0.0442691669 0.0000000000
0.0421503820 0.0000000000
0.0491846390 0.0000000000
0.0354626291 0.0000000000
0.0354626291 0.0000000000
0.0336007811 0.0000000000
0.0284389127 0.0000000000
0.0268478561 0.0000000000
0.0268478561 0.0000000000
0.0336007811 0.0000000000
0.0611452088 0.0000000000
0.0354626291 0.0000000000
0.0555648245 0.0000000000
0.0421503820 0.0000000000
0.0354626291 0.0000000000
0.0268430542 0.0000000000
0.0421503820 0.0000000000
0.0420796126 0.0000000000
0.0442691669 0.0000000000
0.0336007811 0.0000000000
0.0421503820 0.0000000000
0.0421503820 0.0000000000
0.0268478561 0.0000000000
0.0268478561 0.0000000000
0.0336007811 0.0000000000
0.0442691669 0.0000000000
0.0491846390 0.0000000000
0.0284389127 0.0000000000
0.0354626291 0.0000000000
0.0268478561 0.0000000000
0.0354626291 0.0000000000
0.0268478561 0.0000000000
0.0336007811 0.0000000000
0.0336007811 0.0000000000
0.0354626291 0.0000000000
0.0268478561 0.0000000000
0.0268430542 0.0000000000
0.0268478561 0.0000000000
0.0268478561 0.0000000000
0.0268430542 0.0000000000
0.0268478561 0.0000000000
0.0354626291 0.0000000000
0.0442691669 0.0000000000
0.0268478561 0.0000000000
0.0421503820 0.0000000000
0.0336007811 0.0000000000
0.0336007811 0.0000000000
0.0268478561 0.0000000000
0.0421503820 0.0000000000
0.0442691669 0.0000000000
0.0421503820 0.0000000000
0.0336007811 0.0000000000
0.0420796126 0.0000000000
0.0442691669 0.0000000000
0.0336007811 0.0000000000
0.0354626291 0.0000000000
0.0442691669 0.0000000000
0.0611452088 0.0000000000
0.0611452088 0.0000000000
0.0442691669 0.0000000000
0.0442691669 0.0000000000
0.0420796126 0.0000000000
0.0354626291 0.0000000000
0.0336007811 0.0000000000
0.0336007811 0.0000000000
0.0421503820 0.0000000000
0.0442691669 0.0000000000
0.0421503820 0.0000000000
0.0336007811 0.0000000000
0.0421503820 0.0000000000
0.0268478561 0.0000000000
0.0336007811 0.0000000000
0.0268478561 0.0000000000
0.0442691669 0.0000000000
0.0442691669 0.0000000000
0.0336007811 0.0000000000
0.0421503820 0.0000000000
0.0421503820 0.0000000000
0.0268478561 0.0000000000
0.0268478561 0.0000000000
0.0336007811 0.0000000000
0.0442691669 0.0000000000
0.0420796126 0.0000000000
0.0421503820 0.0000000000
0.0421503820 0.0000000000
0.0555648245 0.0000000000
0.0268430542 0.0000000000
0.0354626291 0.0000000000
0.0354626291 0.0000000000
0.0611452088 0.0000000000
0.0354626291 0.0000000000
0.0268478561 0.0000000000
0.0268478561 0.0000000000
0.0268430542 0.0000000000
0.0268430542 0.0000000000
0.0268478561 0.0000000000
0.0268478561 0.0000000000
0.0354626291 0.0000000000
0.0336007811 0.0000000000
0.0336007811 0.0000000000
0.0268478561 0.0000000000
0.0354626291 0.0000000000
0.0268478561 0.0000000000
0.0354626291 0.0000000000
0.0284389127 0.0000000000
0.0491846390 0.0000000000
0.0336007811 0.0000000000
0.0268478561 0.0000000000
0.0336007811 0.0000000000
0.0354626291 0.0000000000
0.0268478561 0.0000000000
0.0284389127 0.0000000000
0.0354626291 0.0000000000
0.0491846390 0.0000000000
0.0421503820 0.0000000000
0.0442691669 0.0000000000
0.0442691669 0.0000000000
0.0611452088 0.0000000000
0.0354626291 0.0000000000
0.0491846390 0.0000000000
0.0491846390 0.0000000000
0.0882963315 0.0000000000
0.0882963315 0.0000000000
0.0491846390 0.0000000000
0.0491846390 0.0000000000
0.0354626291 0.0000000000
0.0611452088 0.0000000000
0.0442691669 0.0000000000
0.0442691669 0.0000000000
0.0421503820 0.0000000000
0.0491846390 0.0000000000
0.0354626291 0.0000000000
0.0284389127 0.0000000000
0.0268478561 0.0000000000
0.0354626291 0.0000000000
0.0336007811 0.0000000000
0.0268478561 0.0000000000
0.0336007811 0.0000000000
0.0491846390 0.0000000000
0.0284389127 0.0000000000
0.0354626291 0.0000000000
0.0268478561 0.0000000000
0.0354626291 0.0000000000
0.0268478561 0.0000000000
0.0336007811 0.0000000000
0.0336007811 0.0000000000
0.0354626291 0.0000000000
0.0268478561 0.0000000000
0.0268478561 0.0000000000
0.0268430542 0.0000000000
0.0268430542 0.0000000000
0.0268478561 0.0000000000
0.0268478561 0.0000000000
0.0354626291 0.0000000000
0.0611452088 0.0000000000
0.0354626291 0.0000000000
0.0354626291 0.0000000000
0.0268430542 0.0000000000
0.0555648245 0.0000000000
0.0421503820 0.0000000000
0.0421503820 0.0000000000
0.0420796126 0.0000000000
0.0442691669 0.0000000000
0.0336007811 0.0000000000
0.0268478561 0.0000000000
0.0268478561 0.0000000000
0.0421503820 0.0000000000
0.0421503820 0.0000000000
0.0336007811 0.0000000000
0.0442691669 0.0000000000
0.0442691669 0.0000000000
0.0268478561 0.0000000000
0.0336007811 0.0000000000
0.0268478561 0.0000000000
0.0421503820 0.0000000000
0.0336007811 0.0000000000
0.0421503820 0.0000000000
0.0442691669 0.0000000000
0.0421503820 0.0000000000
0.0336007811 0.0000000000
0.0336007811 0.0000000000
0.0354626291 0.0000000000
0.0420796126 0.0000000000
0.0442691669 0.0000000000
0.0442691669 0.0000000000
0.0611452088 0.0000000000
0.0611452088 0.0000000000
0.0442691669 0.0000000000
0.0354626291 0.0000000000
0.0336007811 0.0000000000
0.0442691669 0.0000000000
0.0420796126 0.0000000000
0.0336007811 0.0000000000
0.0421503820 0.0000000000
0.0442691669 0.0000000000
0.0421503820 0.0000000000
0.0268478561 0.0000000000
0.0336007811 0.0000000000
0.0336007811 0.0000000000
0.0421503820 0.0000000000
0.0268478561 0.0000000000
0.0442691669 0.0000000000
0.0354626291 0.0000000000
0.0268478561 0.0000000000
0.0268430542 0.0000000000
0.0268478561 0.0000000000
0.0268478561 0.0000000000
0.0268430542 0.0000000000
0.0268478561 0.0000000000
0.0354626291 0.0000000000
0.0336007811 0.0000000000
0.0336007811 0.0000000000
0.0268478561 0.0000000000
0.0354626291 0.0000000000
0.0268478561 0.0000000000
0.0354626291 0.0000000000
0.0284389127 0.0000000000
0.0491846390 0.0000000000
0.0442691669 0.0000000000
0.0336007811 0.0000000000
0.0268478561 0.0000000000
0.0268478561 0.0000000000
0.0421503820 0.0000000000
0.0421503820 0.0000000000
0.0336007811 0.0000000000
0.0442691669 0.0000000000
0.0420796126 0.0000000000
0.0421503820 0.0000000000
0.0268430542 0.0000000000
0.0354626291 0.0000000000
0.0421503820 0.0000000000
0.0555648245 0.0000000000
0.0354626291 0.0000000000
0.0611452088 0.0000000000
0.0336007811 0.0000000000
0.0268478561 0.0000000000
0.0268478561 0.0000000000
0.0284389127 0.0000000000
0.0336007811 0.0000000000
0.0354626291 0.0000000000
0.0354626291 0.0000000000
0.0491846390 0.0000000000
0.0421503820 0.0000000000
0.0442691669 0.0000000000
0.0354626291 0.0000000000
0.0491846390 0.0000000000
0.0442691669 0.0000000000
0.0611452088 0.0000000000
0.0491846390 0.0000000000
0.0882963315 0.0000000000
0.0611452088 0.0000000000
0.0354626291 0.0000000000
0.0442691669 0.0000000000
0.0336007811 0.0000000000
0.0442691669 0.0000000000
0.0336007811 0.0000000000
0.0420796126 0.0000000000
0.0421503820 0.0000000000
0.0354626291 0.0000000000
0.0268430542 0.0000000000
0.0268478561 0.0000000000
0.0268478561 0.0000000000
0.0268478561 0.0000000000
0.0268478561 0.0000000000
0.0268430542 0.0000000000
0.0354626291 0.0000000000
0.0442691669 0.0000000000
0.0268478561 0.0000000000
0.0421503820 0.0000000000
0.0336007811 0.0000000000
0.0336007811 0.0000000000
0.0268478561 0.0000000000
0.0421503820 0.0000000000
0.0442691669 0.0000000000
0.0336007811 0.0000000000
0.0268478561 0.0000000000
0.0336007811 0.0000000000
0.0354626291 0.0000000000
0.0268478561 0.0000000000
0.0284389127 0.0000000000
0.0354626291 0.0000000000
0.0491846390 0.0000000000
0.0442691669 0.0000000000
0.0268478561 0.0000000000
0.0336007811 0.0000000000
0.0268478561 0.0000000000
0.0421503820 0.0000000000
0.0336007811 0.0000000000
0.0421503820 0.0000000000
0.0442691669 0.0000000000
0.0336007811 0.0000000000
0.0268478561 0.0000000000
0.0268478561 0.0000000000
0.0284389127 0.0000000000
0.0336007811 0.0000000000
0.0354626291 0.0000000000
0.0354626291 0.0000000000
0.0491846390 0.0000000000
0.0420796126 0.0000000000
0.0268430542 0.0000000000
0.0421503820 0.0000000000
0.0354626291 0.0000000000
0.0421503820 0.0000000000
0.0354626291 0.0000000000
0.0555648245 0.0000000000
0.0611452088 0.0000000000
0.0421503820 0.0000000000
0.0354626291 0.0000000000
0.0442691669 0.0000000000
0.0491846390 0.0000000000
0.0442691669 0.0000000000
0.0491846390 0.0000000000
0.0611452088 0.0000000000
0.0882963315 0.0000000000
0.0555648245 0.0000000000
0.0421503820 0.0000000000
0.0421503820 0.0000000000
0.0421503820 0.0000000000
0.0421503820 0.0000000000
0.0421503820 0.0000000000
0.0421503820 0.0000000000
0.0555648245 0.0000000000
0.0421503820 0.0000000000
0.0420796126 0.0000000000
0.0336007811 0.0000000000
0.0442691669 0.0000000000
0.0336007811 0.0000000000
0.0442691669 0.0000000000
0.0354626291 0.0000000000
0.0611452088 0.0000000000
0.0421503820 0.0000000000
0.0336007811 0.0000000000
0.0420796126 0.0000000000
0.0442691669 0.0000000000
0.0336007811 0.0000000000
0.0354626291 0.0000000000
0.0442691669 0.0000000000
0.0611452088 0.0000000000
0.0421503820 0.0000000000
0.0442691669 0.0000000000
0.0442691669 0.0000000000
0.0611452088 0.0000000000
0.0354626291 0.0000000000
0.0491846390 0.0000000000
0.0491846390 0.0000000000
0.0882963315 0.0000000000
0.0421503820 0.0000000000
0.0336007811 0.0000000000
0.0336007811 0.0000000000
0.0354626291 0.0000000000
0.0420796126 0.0000000000
0.0442691669 0.0000000000
0.0442691669 0.0000000000
0.0611452088 0.0000000000
0.0421503820 0.0000000000
0.0442691669 0.0000000000
0.0354626291 0.0000000000
0.0491846390 0.0000000000
0.0442691669 0.0000000000
0.0611452088 0.0000000000
0.0491846390 0.0000000000
0.0882963315 0.0000000000
0.0421503820 0.0000000000
0.0354626291 0.0000000000
0.0442691669 0.0000000000
0.0491846390 0.0000000000
0.0442691669 0.0000000000
0.0491846390 0.0000000000
0.0611452088 0.0000000000
0.0882963315 0.0000000000
0.0555648245 0.0000000000
0.0611452088 0.0000000000
0.0611452088 0.0000000000
0.0882963315 0.0000000000
0.0611452088 0.0000000000
0.0882963315 0.0000000000
0.0882963315 0.0000000000
0.1637552679 0.0000000000
